1.6244 1.7184 0 1.8355 0.1481 1.3176 0.2963 0.9305 0.4444 0.7917 0.5925 0.6984 0.7407 0.6449 0.8888 0.6569 1.0369 0.576 1.1851 0.5696 1.3332 0.575 1.4813 0.5882 1.6295 0.5061 1.7776 0.4645 1.9257 0.4714 2.0739 0.4629 2.222 0.5244 2.3701 0.2898 2.5182 0.5439 2.6664 0.396 2.8145 1
1.5776 1.7222 0 1.648 0.0572 1.3906 0.1144 1.1425 0.1717 0.9108 0.2289 0.7481 0.2861 0.6348 0.3433 0.5619 0.4005 0.5099 0.4578 0.4678 0.515 0.4875 0.5722 0.4799 0.6294 0.3752 0.6866 0.4312 0.7439 0.3723 0.8011 0.3214 0.8583 0.432 0.9155 0.3075 0.9727 0.5316 1.03 0.2953 1.0872 1
1.5775 1.7672 0 1.7685 0.0875 1.3868 0.1751 1.0314 0.2626 0.8309 0.3501 0.6696 0.4376 0.5968 0.5252 0.5388 0.6127 0.4879 0.7002 0.4578 0.7877 0.3984 0.8753 0.2703 0.9628 0.3555 1.0503 0.1427 1.1378 0.1649 1.2254 0.0925 1.3129 0.2737 1.4004 0.741 1.4879 0 1.5755 -0.3403 1.663 1
1.6243 1.775 0 1.7821 0.1263 1.4295 0.2526 0.9701 0.3789 0.738 0.5052 0.6561 0.6315 0.5307 0.7578 0.4926 0.8841 0.5506 1.0104 0.4417 1.1367 0.3673 1.263 0.4127 1.3893 0.398 1.5156 0.4438 1.6419 0.235 1.7682 0.2703 1.8945 0.2737 2.0208 0 2.1471 0 2.2734 -0.3403 2.3997 1
1.612 1.7701 0 1.8223 0.147 1.3688 0.294 0.9548 0.441 0.7602 0.588 0.6819 0.735 0.6454 0.882 0.634 1.029 0.6182 1.176 0.5977 1.323 0.5978 1.4701 0.5082 1.6171 0.5318 1.7641 0.5482 1.9111 0.4548 2.0581 0.7297 2.2051 0.4301 2.3521 0.2239 2.4991 0 2.6461 0.3403 2.7931 1
1.6178 1.7204 0 1.7215 0.0758 1.4245 0.1516 1.0593 0.2274 0.7996 0.3031 0.6952 0.3789 0.6086 0.4547 0.5776 0.5305 0.5856 0.6063 0.5218 0.6821 0.4693 0.7578 0.3537 0.8336 0.4199 0.9094 0.584 0.9852 0.4501 1.061 0.4264 1.1368 0.1854 1.2125 0.3537 1.2883 0.3403 1.3641 0 1.4399 1
1.6188 1.7518 0 1.8867 0.1486 1.2397 0.2972 0.8527 0.4458 0.6786 0.5944 0.5711 0.743 0.5434 0.8917 0.4612 1.0403 0.5555 1.1889 0.5184 1.3375 0.3673 1.4861 0.5107 1.6347 0.5117 1.7833 0.26 1.9319 0.5542 2.0805 0.2232 2.2291 0 2.3778 0.2616 2.5264 0 2.675 0 2.8236 1
1.6116 1.7626 0 1.8695 0.1547 1.2504 0.3095 0.8606 0.4642 0.7034 0.619 0.6903 0.7737 0.5926 0.9285 0.5347 1.0832 0.4116 1.2379 0.3157 1.3927 0.3944 1.5474 0.4517 1.7022 0.3453 1.8569 0.4509 2.0116 0.5268 2.1664 0.5503 2.3211 0.6404 2.4759 0.3751 2.6306 0.4243 2.7854 0.0929 2.9401 1
1.6293 1.7596 0 1.8367 0.1535 1.3157 0.307 0.9024 0.4605 0.7166 0.614 0.7034 0.7675 0.5962 0.921 0.6086 1.0744 0.5768 1.2279 0.4329 1.3814 0.4481 1.5349 0.4417 1.6884 0.2726 1.8419 0.1739 1.9954 0.208 2.1489 0.2643 2.3024 0 2.4559 0 2.6094 0 2.7629 0.1462 2.9164 1
1.6473 1.771 0 1.8114 0.1264 1.3855 0.2528 0.9246 0.3791 0.7419 0.5055 0.6591 0.6319 0.6056 0.7583 0.5997 0.8847 0.5975 1.0111 0.7596 1.1374 0.6544 1.2638 0.5361 1.3902 0.4569 1.5166 0.5988 1.643 0.7957 1.7693 0.5871 1.8957 0.1808 2.0221 0 2.1485 0 2.2749 -0.3403 2.4013 1
1.5623 1.7867 0 1.7179 0.0973 1.4367 0.1947 1.0506 0.292 0.8366 0.3893 0.7128 0.4866 0.6677 0.584 0.6087 0.6813 0.5498 0.7786 0.4514 0.876 0.5672 0.9733 0.3803 1.0706 0.5082 1.1679 0.5189 1.2653 0.5889 1.3626 0.5156 1.4599 0.5156 1.5573 0.2337 1.6546 0.5083 1.7519 0.2702 1.8492 1
1.5915 1.7638 0 1.8703 0.1559 1.2201 0.3117 0.8636 0.4676 0.7142 0.6235 0.5997 0.7794 0.5957 0.9352 0.5625 1.0911 0.6725 1.247 0.6208 1.4029 0.6322 1.5587 0.7489 1.7146 0.5522 1.8705 0.5428 2.0264 0.4933 2.1822 0.5879 2.3381 0.5093 2.494 0.2947 2.6499 0.1668 2.8057 0.2237 2.9616 1
1.5608 1.7173 0 1.856 0.1562 1.3031 0.3123 0.857 0.4685 0.7543 0.6246 0.7214 0.7808 0.7018 0.937 0.5644 1.0931 0.6228 1.2493 0.5872 1.4054 0.6639 1.5616 0.6332 1.7177 0.6726 1.8739 0.4184 2.0301 0.3079 2.1862 0.3778 2.3424 0.0681 2.4985 0 2.6547 0 2.8109 0 2.967 1
1.553 1.7805 0 1.7768 0.1055 1.3322 0.2109 1.0041 0.3164 0.7935 0.4218 0.6692 0.5273 0.6038 0.6327 0.5327 0.7382 0.5068 0.8437 0.5444 0.9491 0.5508 1.0546 0.4476 1.16 0.4261 1.2655 0.3396 1.3709 0.4637 1.4764 0.4973 1.5818 0.4189 1.6873 0.5184 1.7928 0.5074 1.8982 0.1136 2.0037 1
1.5776 1.6375 0 1.888 0.1502 1.2192 0.3005 0.9308 0.4507 0.8001 0.6009 0.7068 0.7512 0.6541 0.9014 0.5669 1.0516 0.4989 1.2019 0.5353 1.3521 0.5386 1.5023 0.4883 1.6526 0.5471 1.8028 0.4689 1.953 0.4754 2.1033 0.2816 2.2535 0.2551 2.4038 0.3738 2.554 0.3646 2.7042 0.1979 2.8545 1
1.5701 1.7485 0 1.8512 0.1456 1.2762 0.2913 0.881 0.4369 0.7119 0.5826 0.6511 0.7282 0.6315 0.8739 0.6948 1.0195 0.6016 1.1652 0.6769 1.3108 0.609 1.4565 0.3219 1.6021 0.3469 1.7478 0.399 1.8934 0.0395 2.039 0.2968 2.1847 0.2737 2.3303 0 2.476 0.1521 2.6216 0 2.7673 1
1.6164 1.7837 0 1.8683 0.1521 1.236 0.3042 0.8695 0.4563 0.6899 0.6084 0.5761 0.7605 0.6187 0.9126 0.6252 1.0647 0.4019 1.2168 0.5365 1.3689 0.7941 1.521 0.7432 1.6731 0.5436 1.8252 0.4268 1.9773 0.7496 2.1294 0.6103 2.2815 0.2685 2.4336 0 2.5857 0.5004 2.7377 0 2.8898 1
1.6368 1.726 0 1.8756 0.1527 1.2568 0.3055 0.8592 0.4582 0.751 0.611 0.7015 0.7637 0.6952 0.9164 0.5701 1.0692 0.4727 1.2219 0.6062 1.3747 0.6721 1.5274 0.5613 1.6801 0.4401 1.8329 0.2535 1.9856 0.328 2.1384 0.2076 2.2911 0.2497 2.4438 0.1398 2.5966 0.1601 2.7493 0.149 2.9021 1
1.63 1.7456 0 1.8335 0.1195 1.303 0.2389 0.9409 0.3584 0.7741 0.4779 0.6592 0.5974 0.6683 0.7168 0.5953 0.8363 0.4621 0.9558 0.3644 1.0752 0.3672 1.1947 0.4421 1.3142 0.4734 1.4336 0.4143 1.5531 0.497 1.6726 0.6355 1.7921 0.6731 1.9115 0.5899 2.031 0.3616 2.1505 0.6207 2.2699 1
1.6067 1.784 0 1.8126 0.1421 1.3685 0.2842 0.9536 0.4263 0.7469 0.5684 0.677 0.7105 0.638 0.8526 0.6394 0.9947 0.539 1.1369 0.5407 1.279 0.3961 1.4211 0.4401 1.5632 0.4146 1.7053 0.4094 1.8474 0.3733 1.9895 0.467 2.1316 0.0631 2.2737 0.1096 2.4158 0 2.5579 0 2.7 1
1.6132 1.7962 0 1.6823 0.074 1.3843 0.1479 1.1163 0.2219 0.8805 0.2959 0.7138 0.3699 0.6126 0.4438 0.5641 0.5178 0.5254 0.5918 0.4845 0.6658 0.4659 0.7397 0.4065 0.8137 0.3713 0.8877 0.3871 0.9617 0.2562 1.0356 0.3857 1.1096 0.2516 1.1836 0.1888 1.2576 0.4899 1.3315 0.3744 1.4055 1
1.61 1.7212 0 1.7246 0.0779 1.4144 0.1558 1.0521 0.2337 0.8075 0.3116 0.6723 0.3895 0.6072 0.4674 0.5373 0.5453 0.5413 0.6233 0.4208 0.7012 0.5029 0.7791 0.4689 0.857 0.4576 0.9349 0.5104 1.0128 0.4981 1.0907 0.5713 1.1686 0.498 1.2465 0.5836 1.3244 0.1521 1.4023 0 1.4802 1
1.6242 1.7581 0 1.8669 0.1354 1.2602 0.2708 0.8758 0.4062 0.7699 0.5416 0.7106 0.677 0.6368 0.8125 0.7208 0.9479 0.595 1.0833 0.5794 1.2187 0.6015 1.3541 0.6565 1.4895 0.5355 1.6249 0.4475 1.7603 0.6181 1.8957 0.7613 2.0311 0.3155 2.1666 0.396 2.302 0.1164 2.4374 0 2.5728 1
1.6066 1.783 0 1.7379 0.1172 1.4539 0.2344 1.028 0.3516 0.7781 0.4689 0.6631 0.5861 0.5739 0.7033 0.5644 0.8205 0.495 0.9377 0.4571 1.0549 0.2459 1.1721 0.4052 1.2894 0.483 1.4066 0.6094 1.5238 0.5175 1.641 0.5783 1.7582 0.1298 1.8754 0.577 1.9927 0.0712 2.1099 0 2.2271 1
1.6119 1.769 0 1.8385 0.149 1.3266 0.298 0.8845 0.4469 0.73 0.5959 0.6252 0.7449 0.6359 0.8939 0.65 1.0429 0.6862 1.1918 0.5634 1.3408 0.4392 1.4898 0.5523 1.6388 0.2602 1.7878 0.3336 1.9368 0.3758 2.0857 0.1949 2.2347 0.3998 2.3837 0.1164 2.5327 0.3118 2.6817 0 2.8306 1
1.5868 1.7564 0 1.8064 0.1044 1.3106 0.2087 0.9596 0.3131 0.7686 0.4175 0.6542 0.5218 0.6284 0.6262 0.5864 0.7306 0.4875 0.8349 0.5557 0.9393 0.5494 1.0437 0.3897 1.1481 0.3252 1.2524 0.5138 1.3568 0.4232 1.4612 0.6536 1.5655 0.5899 1.6699 0 1.7743 0 1.8786 0 1.983 1
1.6085 1.7357 0 1.8145 0.0965 1.2885 0.1931 0.9629 0.2896 0.7604 0.3862 0.6565 0.4827 0.5489 0.5792 0.4683 0.6758 0.4961 0.7723 0.49 0.8689 0.5465 0.9654 0.5455 1.062 0.5968 1.1585 0.4902 1.255 0.3626 1.3516 0.5671 1.4481 0.6078 1.5447 0.4336 1.6412 0.6696 1.7377 0.4267 1.8343 1
1.6384 1.7802 0 1.8433 0.1508 1.3227 0.3017 0.8946 0.4525 0.7384 0.6034 0.641 0.7542 0.5922 0.905 0.5653 1.0559 0.5296 1.2067 0.4282 1.3575 0.1462 1.5084 0.5684 1.6592 0.4289 1.8101 0.2291 1.9609 0.2574 2.1117 0.4254 2.2626 0 2.4134 0 2.5643 0 2.7151 0.1136 2.8659 1
1.6179 1.7115 0 1.8192 0.1114 1.3527 0.2229 0.9311 0.3343 0.7542 0.4458 0.6831 0.5572 0.6591 0.6686 0.5791 0.7801 0.6366 0.8915 0.6224 1.003 0.4534 1.1144 0.6057 1.2259 0.5997 1.3373 0.5419 1.4487 0.7068 1.5602 0.5188 1.6716 0.2737 1.7831 0.4746 1.8945 0.1898 2.0059 0 2.1174 1
1.5754 1.7877 0 1.8749 0.1507 1.2522 0.3014 0.8964 0.4521 0.7795 0.6028 0.7382 0.7535 0.6715 0.9041 0.6182 1.0548 0.6475 1.2055 0.5106 1.3562 0.5238 1.5069 0.4948 1.6576 0.4653 1.8083 0.3837 1.959 0.264 2.1097 0.6335 2.2604 0.499 2.4111 0.3324 2.5618 0.5698 2.7124 0.3957 2.8631 1
1.5863 1.7684 0 1.8334 0.1266 1.2898 0.2532 0.9403 0.3799 0.7744 0.5065 0.6381 0.6331 0.6052 0.7597 0.5573 0.8864 0.6201 1.013 0.5532 1.1396 0.527 1.2662 0.5661 1.3929 0.6519 1.5195 0.4286 1.6461 0.2113 1.7727 0.2842 1.8993 0.4919 2.026 0 2.1526 0 2.2792 0.4905 2.4058 1
1.5832 1.7491 0 1.513 0.0544 1.4287 0.1088 1.2609 0.1631 1.0196 0.2175 0.8223 0.2719 0.668 0.3263 0.5817 0.3806 0.5097 0.435 0.4568 0.4894 0.4273 0.5438 0.4386 0.5982 0.3594 0.6525 0.4326 0.7069 0.3497 0.7613 0.3501 0.8157 0.3655 0.8701 0.3495 0.9244 0 0.9788 0 1.0332 1
1.5778 1.7476 0 1.7359 0.096 1.4538 0.1921 1.0564 0.2881 0.8206 0.3842 0.6874 0.4802 0.6081 0.5762 0.5602 0.6723 0.499 0.7683 0.4273 0.8643 0.5953 0.9604 0.5879 1.0564 0.4553 1.1525 0.5527 1.2485 0.5914 1.3445 0.6003 1.4406 0.6112 1.5366 0.566 1.6327 0.2239 1.7287 0 1.8247 1
1.5524 1.7704 0 1.8799 0.1496 1.2707 0.2992 0.883 0.4487 0.739 0.5983 0.7053 0.7479 0.6919 0.8975 0.6864 1.0471 0.3278 1.1966 0.2951 1.3462 0.5969 1.4958 0.4659 1.6454 0.6858 1.795 0.3978 1.9445 0.5467 2.0941 0.1164 2.2437 0.2765 2.3933 0.2737 2.5429 0 2.6924 0 2.842 1
1.5629 1.6649 0 1.4869 0.0444 1.4486 0.0887 1.282 0.1331 1.0403 0.1774 0.8045 0.2218 0.6579 0.2661 0.5756 0.3105 0.5014 0.3549 0.4957 0.3992 0.4764 0.4436 0.5125 0.4879 0.3525 0.5323 0.4634 0.5766 0.3777 0.621 0.5307 0.6654 0.1785 0.7097 0.4647 0.7541 0.186 0.7984 0.1462 0.8428 1
1.5657 1.7349 0 1.6686 0.0706 1.4466 0.1411 1.1349 0.2117 0.8711 0.2822 0.7022 0.3528 0.6188 0.4233 0.5697 0.4939 0.5048 0.5645 0.4483 0.635 0.5188 0.7056 0.3123 0.7761 0.39 0.8467 0.3337 0.9173 0.4637 0.9878 0.511 1.0584 0.1623 1.1289 0.3803 1.1995 0.2205 1.27 -0.3403 1.3406 1
1.6064 1.7586 0 1.7769 0.1086 1.4156 0.2171 1.0124 0.3257 0.7957 0.4343 0.696 0.5429 0.5911 0.6514 0.5091 0.76 0.4252 0.8686 0.3263 0.9771 -0.1421 1.0857 0.0625 1.1943 -0.4933 1.3029 0 1.4114 0.1491 1.52 -0.6806 1.6286 -0.2181 1.7371 0.3409 1.8457 0.2858 1.9543 -0.2616 2.0629 1
1.609 1.688 0 1.5372 0.052 1.4698 0.1041 1.2572 0.1561 0.9881 0.2082 0.788 0.2602 0.6627 0.3122 0.5999 0.3643 0.5374 0.4163 0.447 0.4683 0.4605 0.5204 0.4585 0.5724 0.3121 0.6245 0.3899 0.6765 0.3153 0.7285 0.5694 0.7806 0.5708 0.8326 0.4721 0.8846 0.4563 0.9367 0.3565 0.9887 1
1.6353 1.6561 0 1.6545 0.0678 1.5034 0.1355 1.1444 0.2033 0.8728 0.2711 0.6884 0.3388 0.6175 0.4066 0.5969 0.4743 0.5633 0.5421 0.4442 0.6099 0.5474 0.6776 0.5323 0.7454 0.4466 0.8132 0.5186 0.8809 0.2805 0.9487 0 1.0164 0 1.0842 0 1.152 0 1.2197 0 1.2875 1
1.5993 1.761 0 1.426 0.0417 1.3806 0.0835 1.2657 0.1252 1.0917 0.1669 0.9169 0.2087 0.7758 0.2504 0.6511 0.2922 0.5597 0.3339 0.4807 0.3756 0.4647 0.4174 0.4202 0.4591 0.4058 0.5008 0.3874 0.5426 0.3215 0.5843 0.3473 0.6261 0.3128 0.6678 0.4157 0.7095 0.1156 0.7513 0.2382 0.793 1
1.6133 1.7939 0 1.5748 0.0577 1.4791 0.1155 1.2333 0.1732 0.9626 0.231 0.8016 0.2887 0.6586 0.3465 0.5992 0.4042 0.5588 0.462 0.4367 0.5197 0.4924 0.5775 0.3989 0.6352 0.43 0.693 0.3361 0.7507 0.2034 0.8085 0.6555 0.8662 0.4511 0.924 0.5197 0.9817 0.4976 1.0395 0 1.0972 1
1.6094 1.7917 0 1.6771 0.0892 1.4846 0.1785 1.1297 0.2677 0.8704 0.357 0.7231 0.4462 0.6174 0.5355 0.5665 0.6247 0.5748 0.7139 0.5908 0.8032 0.3585 0.8924 0.5102 0.9817 0.4212 1.0709 0.3542 1.1602 0.4028 1.2494 0.1809 1.3387 0.5522 1.4279 0.2841 1.5171 0.3197 1.6064 0.2841 1.6956 1
1.6001 1.7635 0 1.8143 0.1376 1.3898 0.2751 0.959 0.4127 0.7583 0.5503 0.6511 0.6879 0.6237 0.8254 0.6284 0.963 0.5682 1.1006 0.575 1.2381 0.361 1.3757 0.4541 1.5133 0.5275 1.6509 0.5083 1.7884 0.5595 1.926 0.7841 2.0636 0.5542 2.2011 0 2.3387 0 2.4763 0 2.6139 1
1.5549 1.687 0 1.7166 0.0812 1.4825 0.1623 1.0661 0.2435 0.8356 0.3246 0.6942 0.4058 0.6209 0.4869 0.6014 0.5681 0.6248 0.6492 0.5424 0.7304 0.5343 0.8116 0.4837 0.8927 0.4246 0.9739 0.2958 1.055 0.2999 1.1362 0.3605 1.2173 0.6645 1.2985 0.3784 1.3796 0.2698 1.4608 0.6516 1.5419 1
1.5774 1.763 0 1.7642 0.1154 1.4517 0.2308 1.0254 0.3462 0.7876 0.4617 0.6876 0.5771 0.5905 0.6925 0.4082 0.8079 0.4154 0.9233 0.281 1.0387 0.252 1.1541 0.3807 1.2695 0.5692 1.385 0 1.5004 0 1.6158 0 1.7312 0 1.8466 0 1.962 0 2.0774 0 2.1928 1
1.5675 1.7352 0 1.7243 0.0865 1.4752 0.173 1.0212 0.2595 0.7891 0.346 0.7072 0.4325 0.6406 0.519 0.5175 0.6055 0.4791 0.692 0.4871 0.7785 0.49 0.865 0.3957 0.9514 0.5042 1.0379 0.4844 1.1244 0.5911 1.2109 0.5862 1.2974 0.5796 1.3839 0.7006 1.4704 0.5729 1.5569 0.7748 1.6434 1
1.6082 1.7626 0 1.847 0.1487 1.2969 0.2975 0.8663 0.4462 0.7316 0.595 0.6723 0.7437 0.6936 0.8925 0.5559 1.0412 0.6036 1.19 0.5664 1.3387 0.6763 1.4875 0.6284 1.6362 0.3857 1.785 0.7753 1.9337 0.5086 2.0824 0 2.2312 0.3126 2.3799 0.1172 2.5287 0 2.6774 0 2.8262 1
1.5954 1.7357 0 1.7639 0.1186 1.4436 0.2372 0.9581 0.3558 0.7681 0.4744 0.6754 0.5929 0.6172 0.7115 0.582 0.8301 0.5178 0.9487 0.5706 1.0673 0.5045 1.1859 0.4458 1.3045 0.5716 1.4231 0.4657 1.5417 0.5122 1.6602 0.3855 1.7788 0.3518 1.8974 0.4216 2.016 0.4331 2.1346 0.1975 2.2532 1
1.6031 1.7782 0 1.6787 0.0913 1.4539 0.1827 1.0696 0.274 0.8227 0.3653 0.6872 0.4567 0.6388 0.548 0.6157 0.6394 0.5918 0.7307 0.5817 0.822 0.5734 0.9134 0.5704 1.0047 0.5566 1.096 0.473 1.1874 0.5121 1.2787 0.472 1.37 0.3521 1.4614 0.5412 1.5527 0.0881 1.644 0.0712 1.7354 1
1.6249 1.7741 0 1.6881 0.0964 1.489 0.1927 1.0642 0.2891 0.7996 0.3854 0.6746 0.4818 0.633 0.5782 0.6079 0.6745 0.5735 0.7709 0.5339 0.8673 0.4725 0.9636 0.518 1.06 0.4492 1.1563 0.3568 1.2527 0.3434 1.3491 0.4424 1.4454 0.5763 1.5418 0.572 1.6381 0.6381 1.7345 0.2737 1.8309 1
1.6244 1.8034 0 1.5269 0.0731 1.423 0.1461 1.2195 0.2192 0.9848 0.2923 0.8204 0.3653 0.7046 0.4384 0.6246 0.5115 0.5381 0.5845 0.5228 0.6576 0.4542 0.7306 0.4461 0.8037 0.3866 0.8768 0.3368 0.9498 0.3967 1.0229 0.2531 1.096 0.3188 1.169 0.2907 1.2421 0.1721 1.3152 0.138 1.3882 2
1.5776 1.7775 0 1.4521 0.0549 1.3495 0.1097 1.2511 0.1646 1.0708 0.2194 0.8858 0.2743 0.7353 0.3291 0.6548 0.384 0.5752 0.4388 0.5026 0.4937 0.4666 0.5485 0.4245 0.6034 0.337 0.6583 0.3628 0.7131 0.348 0.768 0.2874 0.8228 0.3167 0.8777 0.2809 0.9325 0.0702 0.9874 0.2193 1.0422 2
1.5775 1.7672 0 1.5602 0.0611 1.3818 0.1222 1.216 0.1834 1.007 0.2445 0.8068 0.3056 0.6986 0.3667 0.5966 0.4279 0.5028 0.489 0.5056 0.5501 0.4434 0.6112 0.4531 0.6724 0.3845 0.7335 0.3552 0.7946 0.3432 0.8557 0.2999 0.9169 0.2767 0.978 0.6926 1.0391 0 1.1002 -0.3403 1.1614 2
1.6243 1.8325 0 1.4521 0.0536 1.2779 0.1072 1.2085 0.1608 1.065 0.2144 0.9134 0.268 0.7922 0.3216 0.7012 0.3752 0.6104 0.4288 0.5362 0.4824 0.5066 0.536 0.452 0.5896 0.3982 0.6432 0.3754 0.6968 0.3691 0.7504 0.3282 0.804 0.301 0.8576 0.0878 0.9112 0.3876 0.9648 0.2787 1.0184 2
1.612 1.8205 0 1.5824 0.0774 1.4087 0.1547 1.1906 0.2321 0.9797 0.3095 0.8167 0.3868 0.6801 0.4642 0.5951 0.5416 0.5553 0.619 0.4871 0.6963 0.5124 0.7737 0.4636 0.8511 0.4364 0.9284 0.3841 1.0058 0.3338 1.0832 0.324 1.1605 0.257 1.2379 0.4117 1.3153 0.0712 1.3926 0.1164 1.47 2
1.6178 1.788 0 1.4969 0.0542 1.3325 0.1085 1.2225 0.1627 1.0479 0.217 0.8764 0.2712 0.7389 0.3255 0.6287 0.3797 0.5603 0.4339 0.5173 0.4882 0.4523 0.5424 0.4655 0.5967 0.4019 0.6509 0.3874 0.7051 0.3228 0.7594 0.2597 0.8136 0.3369 0.8679 0.3966 0.9221 0.319 0.9764 0.2566 1.0306 2
1.6188 1.821 0 1.497 0.0691 1.4164 0.1382 1.2264 0.2072 1.0091 0.2763 0.8262 0.3454 0.718 0.4145 0.6498 0.4836 0.5818 0.5526 0.5231 0.6217 0.5039 0.6908 0.4791 0.7599 0.4787 0.829 0.4519 0.898 0.4406 0.9671 0.4883 1.0362 0.4532 1.1053 0.4521 1.1744 0.381 1.2434 0.3055 1.3125 2
1.6116 1.8253 0 1.5492 0.0756 1.3873 0.1511 1.2028 0.2267 0.997 0.3022 0.8376 0.3778 0.7331 0.4534 0.6389 0.5289 0.5889 0.6045 0.5462 0.68 0.5203 0.7556 0.4068 0.8311 0.46 0.9067 0.412 0.9823 0.4539 1.0578 0.2216 1.1334 0.1929 1.2089 0.3368 1.2845 0.2106 1.3601 0 1.4356 2
1.6293 1.7831 0 1.496 0.0435 1.2857 0.0871 1.1625 0.1306 1.0381 0.1741 0.9035 0.2176 0.777 0.2612 0.6818 0.3047 0.6021 0.3482 0.5291 0.3918 0.489 0.4353 0.4479 0.4788 0.4118 0.5223 0.3487 0.5659 0.2892 0.6094 0.2493 0.6529 0.1845 0.6964 0.31 0.74 0.1787 0.7835 0.0776 0.827 2
1.6473 1.803 0 1.6789 0.1073 1.4458 0.2146 1.116 0.3219 0.884 0.4292 0.7288 0.5365 0.6343 0.6438 0.5768 0.7511 0.5475 0.8584 0.4649 0.9658 0.4545 1.0731 0.5012 1.1804 0.1919 1.2877 0.0531 1.395 0 1.5023 -0.0086 1.6096 0 1.7169 -0.3403 1.8242 -0.0666 1.9315 0 2.0388 2
1.5623 1.8329 0 1.3934 0.0623 1.3626 0.1246 1.2492 0.187 1.0729 0.2493 0.9058 0.3116 0.782 0.3739 0.673 0.4362 0.6126 0.4986 0.5623 0.5609 0.5508 0.6232 0.4897 0.6855 0.4691 0.7478 0.4741 0.8101 0.3928 0.8725 0.4162 0.9348 0.3237 0.9971 0.4566 1.0594 0.3477 1.1217 0.2912 1.1841 2
1.5915 1.7849 0 1.6611 0.0864 1.4489 0.1728 1.1448 0.2592 0.8898 0.3456 0.7303 0.4321 0.6174 0.5185 0.5534 0.6049 0.4831 0.6913 0.495 0.7777 0.3249 0.8641 0.3246 0.9505 0.4912 1.0369 0.3185 1.1234 0.3197 1.2098 0 1.2962 0 1.3826 0 1.469 0 1.5554 0 1.6418 2
1.5608 1.8041 0 1.5953 0.0887 1.49 0.1774 1.191 0.2661 0.9076 0.3549 0.7536 0.4436 0.659 0.5323 0.5845 0.621 0.5265 0.7097 0.5115 0.7984 0.3905 0.8872 0.5336 0.9759 0.3745 1.0646 0.2191 1.1533 0.3061 1.242 0.3979 1.3307 0.1601 1.4195 0.2616 1.5082 0.362 1.5969 0 1.6856 2
1.553 1.7848 0 1.5291 0.0743 1.4643 0.1486 1.2297 0.2228 0.9811 0.2971 0.7891 0.3714 0.6805 0.4457 0.5877 0.52 0.5391 0.5943 0.4878 0.6685 0.4369 0.7428 0.4189 0.8171 0.428 0.8914 0.3464 0.9657 0.3961 1.04 0.3826 1.1142 0.237 1.1885 0.3092 1.2628 0.3013 1.3371 0 1.4114 2
1.5776 1.7028 0 1.4261 0.0424 1.4143 0.0849 1.2892 0.1273 1.0868 0.1697 0.9004 0.2121 0.7427 0.2546 0.6468 0.297 0.5593 0.3394 0.5026 0.3819 0.457 0.4243 0.4354 0.4667 0.395 0.5091 0.3691 0.5516 0.2996 0.594 0.2632 0.6364 0.3185 0.6788 0.2847 0.7213 0.5313 0.7637 0.4149 0.8061 2
1.5701 1.7088 0 1.5005 0.0473 1.4622 0.0945 1.2741 0.1418 1.0156 0.189 0.817 0.2363 0.6822 0.2835 0.5629 0.3308 0.5055 0.378 0.4405 0.4253 0.3716 0.4725 0.3803 0.5198 0.4527 0.567 0.2986 0.6143 0.1841 0.6615 0.1316 0.7088 0.2288 0.756 0.0758 0.8033 0 0.8505 0 0.8978 2
1.6164 1.7505 0 1.5191 0.0573 1.4607 0.1147 1.2258 0.172 0.9816 0.2294 0.8184 0.2867 0.7073 0.344 0.6029 0.4014 0.5392 0.4587 0.5007 0.516 0.4536 0.5734 0.4427 0.6307 0.4159 0.6881 0.3267 0.7454 0.2914 0.8027 0.3064 0.8601 0.2216 0.9174 0.3298 0.9748 0.2343 1.0321 0.5399 1.0894 2
1.6368 1.7892 0 1.5943 0.0797 1.4853 0.1595 1.1918 0.2392 0.9354 0.3189 0.7472 0.3986 0.6345 0.4784 0.5624 0.5581 0.4781 0.6378 0.4566 0.7176 0.3766 0.7973 0.4946 0.877 0.3392 0.9568 0.3789 1.0365 0.4434 1.1162 0 1.1959 0.2061 1.2757 0.3604 1.3554 0.1164 1.4351 0 1.5149 2
1.63 1.7443 0 1.3957 0.0377 1.38 0.0754 1.283 0.1132 1.1001 0.1509 0.9109 0.1886 0.7591 0.2263 0.6429 0.264 0.5511 0.3017 0.5151 0.3395 0.4917 0.3772 0.4445 0.4149 0.3932 0.4526 0.3652 0.4903 0.3834 0.528 0.2979 0.5658 0.3344 0.6035 0.3791 0.6412 0.2482 0.6789 0.0881 0.7166 2
1.6067 1.7256 0 1.4402 0.0448 1.4305 0.0895 1.2853 0.1343 1.0542 0.179 0.8614 0.2238 0.7222 0.2685 0.6356 0.3133 0.5655 0.358 0.4882 0.4028 0.4478 0.4475 0.408 0.4923 0.4285 0.5371 0.3962 0.5818 0.4832 0.6266 0.3986 0.6713 0.4518 0.7161 0.3207 0.7608 0.3419 0.8056 0.3463 0.8503 2
1.6132 1.8164 0 1.5673 0.0668 1.3981 0.1335 1.2153 0.2003 0.9979 0.2671 0.8246 0.3338 0.7009 0.4006 0.5901 0.4674 0.5383 0.5341 0.4643 0.6009 0.4868 0.6677 0.394 0.7344 0.2895 0.8012 0.3611 0.868 0.3649 0.9347 0 1.0015 0 1.0683 0 1.135 0 1.2018 0 1.2685 2
1.61 1.7762 0 1.4856 0.0624 1.3955 0.1248 1.251 0.1873 1.0389 0.2497 0.8475 0.3121 0.7137 0.3745 0.6086 0.4369 0.555 0.4994 0.5091 0.5618 0.4976 0.6242 0.45 0.6866 0.3928 0.749 0.366 0.8115 0.3682 0.8739 0.4562 0.9363 0.1917 0.9987 0.3227 1.0611 0.2061 1.1236 0.3197 1.186 2
1.6242 1.8186 0 1.4409 0.0605 1.3814 0.121 1.2538 0.1815 1.0535 0.242 0.8726 0.3025 0.7522 0.363 0.6464 0.4235 0.589 0.484 0.5288 0.5445 0.4793 0.605 0.4657 0.6655 0.4342 0.726 0.4142 0.7865 0.3691 0.847 0.409 0.9075 0.3166 0.968 0.5686 1.0285 0.277 1.089 0 1.1495 2
1.6066 1.8177 0 1.5069 0.0679 1.3778 0.1357 1.2254 0.2036 1.0139 0.2715 0.8588 0.3393 0.7346 0.4072 0.6411 0.4751 0.5656 0.5429 0.5144 0.6108 0.4575 0.6786 0.4883 0.7465 0.4061 0.8144 0.3737 0.8822 0.3605 0.9501 0.3891 1.018 0.4168 1.0858 0.285 1.1537 0.6282 1.2216 0.5422 1.2894 2
1.6119 1.815 0 1.447 0.0623 1.3619 0.1247 1.2484 0.187 1.063 0.2493 0.8853 0.3116 0.7674 0.374 0.6564 0.4363 0.5741 0.4986 0.5262 0.5609 0.4592 0.6233 0.4479 0.6856 0.3807 0.7479 0.3512 0.8102 0.3559 0.8726 0.448 0.9349 0.334 0.9972 0.3676 1.0596 0.3158 1.1219 0.1101 1.1842 2
1.5868 1.8177 0 1.519 0.0767 1.4276 0.1534 1.2284 0.2301 1.0048 0.3068 0.839 0.3835 0.7035 0.4603 0.6335 0.537 0.5608 0.6137 0.5302 0.6904 0.4625 0.7671 0.4446 0.8438 0.4638 0.9205 0.4199 0.9972 0.3835 1.0739 0.5012 1.1506 0.1462 1.2273 0.2484 1.304 0.2926 1.3808 0.4331 1.4575 2
1.6085 1.8322 0 1.5047 0.0669 1.3601 0.1337 1.2302 0.2006 1.0344 0.2674 0.8667 0.3343 0.7371 0.4011 0.6466 0.468 0.5749 0.5348 0.5212 0.6017 0.4956 0.6685 0.4263 0.7354 0.3769 0.8022 0.3649 0.8691 0.3134 0.9359 0.2281 1.0028 0.3037 1.0696 0.2548 1.1365 0.4446 1.2033 0.2337 1.2702 2
1.6384 1.7766 0 1.4306 0.0411 1.2855 0.0821 1.1925 0.1232 1.0603 0.1643 0.923 0.2053 0.8048 0.2464 0.6867 0.2875 0.6197 0.3285 0.565 0.3696 0.4863 0.4107 0.4716 0.4517 0.4186 0.4928 0.4149 0.5339 0.3447 0.5749 0.3107 0.616 0.3461 0.6571 0.218 0.6981 0.0826 0.7392 0.2545 0.7803 2
1.6179 1.7915 0 1.4561 0.0524 1.3442 0.1049 1.2336 0.1573 1.0591 0.2098 0.8984 0.2622 0.78 0.3146 0.6687 0.3671 0.5933 0.4195 0.5145 0.472 0.4442 0.5244 0.4338 0.5768 0.4044 0.6293 0.397 0.6817 0.2856 0.7342 0.3473 0.7866 0.3555 0.839 0.2489 0.8915 0.3205 0.9439 0.2651 0.9964 2
1.5754 1.8753 0 1.6618 0.097 1.4472 0.194 1.1367 0.291 0.9162 0.388 0.7751 0.4851 0.6604 0.5821 0.5927 0.6791 0.5593 0.7761 0.5086 0.8731 0.4286 0.9701 0.4052 1.0671 0.4521 1.1641 0.4761 1.2612 0.5638 1.3582 0.3499 1.4552 0.5489 1.5522 0.4474 1.6492 0.1412 1.7462 0.7075 1.8432 2
1.5863 1.8138 0 1.5334 0.0812 1.4486 0.1623 1.2116 0.2435 0.9953 0.3246 0.819 0.4058 0.704 0.4869 0.6344 0.5681 0.5707 0.6492 0.5556 0.7304 0.4582 0.8115 0.4765 0.8927 0.3173 0.9738 0.4395 1.055 0.3639 1.1361 0.1595 1.2173 0.3158 1.2984 0 1.3796 0 1.4607 0.1285 1.5419 2
1.5832 1.7983 0 1.4476 0.0639 1.389 0.1279 1.2629 0.1918 1.0521 0.2557 0.866 0.3197 0.7417 0.3836 0.655 0.4475 0.5906 0.5114 0.5338 0.5754 0.5048 0.6393 0.431 0.7032 0.4112 0.7672 0.3936 0.8311 0.3325 0.895 0.2407 0.959 0.2805 1.0229 0.0904 1.0868 0.2632 1.1507 0.0929 1.2147 2
1.5778 1.8266 0 1.5413 0.0854 1.4691 0.1708 1.2195 0.2561 0.9882 0.3415 0.8159 0.4269 0.7043 0.5123 0.6252 0.5976 0.543 0.683 0.5061 0.7684 0.4202 0.8538 0.4012 0.9391 0.3562 1.0245 0.2761 1.1099 0 1.1953 0 1.2806 0 1.366 0 1.4514 0 1.5368 0 1.6221 2
1.5524 1.8134 0 1.4374 0.0641 1.4101 0.1282 1.2793 0.1923 1.0484 0.2565 0.8713 0.3206 0.7301 0.3847 0.6418 0.4488 0.5619 0.5129 0.5443 0.577 0.523 0.6412 0.468 0.7053 0.4557 0.7694 0.3655 0.8335 0.314 0.8976 0.3072 0.9617 0.3199 1.0258 0.4584 1.09 0.2026 1.1541 0.111 1.2182 2
1.5629 1.8187 0 1.5315 0.0755 1.4118 0.151 1.2284 0.2265 0.9997 0.302 0.8208 0.3775 0.6955 0.453 0.6057 0.5285 0.5439 0.604 0.4743 0.6795 0.4303 0.755 0.4302 0.8305 0.344 0.906 0.574 0.9815 0.3774 1.057 0.5001 1.1325 0.3433 1.208 0.2295 1.2834 0.7321 1.3589 0.153 1.4344 2
1.5657 1.8041 0 1.5515 0.0763 1.4377 0.1525 1.2046 0.2288 0.9794 0.305 0.8251 0.3813 0.7106 0.4576 0.6382 0.5338 0.5591 0.6101 0.5177 0.6864 0.4353 0.7626 0.421 0.8389 0.3965 0.9151 0.3247 0.9914 0.3526 1.0677 0.4587 1.1439 0.2737 1.2202 0.5124 1.2965 0 1.3727 0 1.449 2
1.6064 1.8137 0 1.5361 0.0709 1.452 0.1417 1.2168 0.2126 0.9776 0.2835 0.8124 0.3544 0.7117 0.4252 0.6418 0.4961 0.5551 0.567 0.5157 0.6379 0.3989 0.7087 0.4011 0.7796 0.361 0.8505 0.33 0.9214 0.3097 0.9922 0.2524 1.0631 0 1.134 0.1285 1.2049 0.4406 1.2757 0.138 1.3466 2
1.609 1.7947 0 1.5162 0.07 1.405 0.14 1.2299 0.2099 1.0069 0.2799 0.827 0.3499 0.7129 0.4199 0.6364 0.4899 0.5767 0.5599 0.5283 0.6298 0.4721 0.6998 0.4027 0.7698 0.4248 0.8398 0.3388 0.9098 0.37 0.9798 0.2005 1.0497 0.3633 1.1197 0.3984 1.1897 0.2761 1.2597 0.2359 1.3297 2
1.6353 1.7999 0 1.5642 0.0757 1.4648 0.1513 1.2082 0.227 0.9593 0.3027 0.7959 0.3784 0.6898 0.454 0.6055 0.5297 0.5548 0.6054 0.5506 0.6811 0.4571 0.7567 0.4216 0.8324 0.5076 0.9081 0.4253 0.9837 0.284 1.0594 0.0102 1.1351 -0.056 1.2108 -0.2616 1.2864 0.0633 1.3621 -0.2616 1.4378 2
1.5993 1.7943 0 1.5966 0.0719 1.4197 0.1439 1.1995 0.2158 0.9578 0.2878 0.7969 0.3597 0.6712 0.4317 0.588 0.5036 0.536 0.5756 0.464 0.6475 0.4272 0.7195 0.2793 0.7914 0.2556 0.8634 0.199 0.9353 0.3442 1.0073 0.1517 1.0792 0.1882 1.1512 0.2387 1.2231 0.147 1.2951 0.2616 1.367 2
1.6133 1.8221 0 1.5206 0.069 1.445 0.138 1.2309 0.2071 0.993 0.2761 0.8175 0.3451 0.7051 0.4141 0.6251 0.4832 0.574 0.5522 0.5332 0.6212 0.4915 0.6902 0.4151 0.7593 0.4483 0.8283 0.409 0.8973 0.4274 0.9663 0.4443 1.0354 0.2721 1.1044 0.1553 1.1734 0.4149 1.2424 0.5096 1.3115 2
1.6094 1.7645 0 1.4224 0.0445 1.3318 0.089 1.2405 0.1335 1.0865 0.178 0.9069 0.2225 0.7663 0.267 0.6758 0.3115 0.593 0.3559 0.531 0.4004 0.4764 0.4449 0.4399 0.4894 0.4153 0.5339 0.3965 0.5784 0.3871 0.6229 0.2981 0.6674 0.281 0.7119 0.3134 0.7564 0.2475 0.8009 0.3178 0.8454 2
1.6001 1.8146 0 1.4692 0.0703 1.3908 0.1406 1.2529 0.2109 1.0397 0.2811 0.8577 0.3514 0.753 0.4217 0.6556 0.492 0.6071 0.5623 0.5342 0.6326 0.497 0.7029 0.4163 0.7732 0.4618 0.8434 0.3732 0.9137 0.3638 0.984 0.3806 1.0543 0.3269 1.1246 0.2693 1.1949 0.1428 1.2652 0 1.3354 2
1.5549 1.8329 0 1.5672 0.0883 1.44 0.1766 1.216 0.2649 0.9661 0.3532 0.8043 0.4415 0.6783 0.5298 0.5642 0.6181 0.5513 0.7064 0.5108 0.7947 0.4364 0.883 0.3497 0.9713 0.3173 1.0596 0.1197 1.1479 0.3526 1.2362 0.1765 1.3245 0.6225 1.4128 0.4647 1.5011 0.6573 1.5894 0.6467 1.6777 2
1.5774 1.8042 0 1.4655 0.0635 1.3746 0.127 1.2419 0.1906 1.0345 0.2541 0.8826 0.3176 0.7576 0.3811 0.6758 0.4446 0.5833 0.5082 0.5519 0.5717 0.5036 0.6352 0.466 0.6987 0.4236 0.7623 0.3836 0.8258 0.434 0.8893 0.3702 0.9528 0.3539 1.0163 0.1668 1.0799 0.2529 1.1434 0.4401 1.2069 2
1.5675 1.8292 0 1.4402 0.0565 1.3142 0.1129 1.2308 0.1694 1.0693 0.2259 0.9047 0.2823 0.7686 0.3388 0.6654 0.3952 0.6026 0.4517 0.5387 0.5082 0.4751 0.5646 0.4592 0.6211 0.4458 0.6776 0.3403 0.734 0.337 0.7905 0.349 0.847 0.2881 0.9034 0.2386 0.9599 0.2563 1.0163 0.1465 1.0728 2
1.6082 1.8337 0 1.5081 0.0834 1.4396 0.1668 1.228 0.2502 0.99 0.3336 0.8398 0.417 0.7247 0.5004 0.6327 0.5838 0.5931 0.6672 0.5689 0.7505 0.4929 0.8339 0.4503 0.9173 0.4016 1.0007 0.3623 1.0841 0.3595 1.1675 0.3577 1.2509 0.487 1.3343 0.47 1.4177 0.2584 1.5011 0.4338 1.5845 2
1.5954 1.7987 0 1.5152 0.0655 1.4296 0.1311 1.2297 0.1966 1.008 0.2622 0.8433 0.3277 0.7028 0.3932 0.6158 0.4588 0.5907 0.5243 0.5405 0.5899 0.51 0.6554 0.4876 0.7209 0.4213 0.7865 0.385 0.852 0.3583 0.9176 0.3809 0.9831 0.4121 1.0486 0.2986 1.1142 0.2737 1.1797 0 1.2452 2
1.6031 1.8344 0 1.4785 0.0777 1.4349 0.1555 1.2632 0.2332 1.0313 0.3109 0.8386 0.3887 0.7166 0.4664 0.6323 0.5442 0.5895 0.6219 0.5292 0.6996 0.4458 0.7774 0.3992 0.8551 0.4072 0.9328 0.2651 1.0106 0.2454 1.0883 0.2631 1.1661 0.2308 1.2438 0.1641 1.3215 0 1.3993 0 1.477 2
1.6249 1.8123 0 1.4534 0.0573 1.3533 0.1146 1.2505 0.1719 1.0841 0.2292 0.9067 0.2865 0.7628 0.3438 0.6551 0.4011 0.5781 0.4584 0.4891 0.5157 0.4567 0.573 0.428 0.6303 0.4784 0.6876 0.4214 0.7449 0.3963 0.8022 0.4086 0.8595 0.2129 0.9168 0.1199 0.9741 0.1172 1.0314 0.2737 1.0887 2
1.6124 1.8148 0 1.8101 0.1568 1.2779 0.3137 0.9734 0.4705 0.8098 0.6273 0.7205 0.7842 0.671 0.941 0.5553 1.0978 0.5032 1.2546 0.5156 1.4115 0.4792 1.5683 0.4395 1.7251 0.3803 1.882 0.5012 2.0388 0.4321 2.1956 0.3092 2.3525 0.3321 2.5093 0.3108 2.6661 0.1765 2.8229 0.3234 2.9798 3
1.7438 1.7798 0 1.8105 0.1492 1.3265 0.2983 1.0431 0.4475 0.8549 0.5966 0.7229 0.7458 0.6323 0.8949 0.5791 1.0441 0.5025 1.1932 0.476 1.3424 0.4573 1.4915 0.3792 1.6407 0.3255 1.7898 0.0571 1.939 0.1613 2.0881 -0.0214 2.2373 0.0027 2.3864 0.0681 2.5356 0 2.6848 0 2.8339 3
1.6807 1.8021 0 1.8186 0.1569 1.2838 0.3138 0.9979 0.4707 0.8419 0.6276 0.7138 0.7846 0.6388 0.9415 0.5771 1.0984 0.5433 1.2553 0.5035 1.4122 0.5371 1.5691 0.4915 1.726 0.4188 1.8829 0.4158 2.0398 0.2777 2.1968 0.4877 2.3537 0.2555 2.5106 0.3142 2.6675 0.2134 2.8244 0.1602 2.9813 3
1.6791 1.8045 0 1.8163 0.154 1.2909 0.308 0.9874 0.462 0.8319 0.616 0.7011 0.77 0.6248 0.924 0.5518 1.078 0.5358 1.232 0.5539 1.3859 0.5329 1.5399 0.5529 1.6939 0.4837 1.8479 0.4166 2.0019 0.4267 2.1559 0.3701 2.3099 0.2595 2.4639 0.3919 2.6179 0.27 2.7719 0.1815 2.9259 3
1.6351 1.7987 0 1.789 0.1307 1.3466 0.2614 0.9861 0.3921 0.8085 0.5228 0.705 0.6535 0.6397 0.7842 0.578 0.9148 0.5403 1.0455 0.4936 1.1762 0.4965 1.3069 0.512 1.4376 0.5169 1.5683 0.4912 1.699 0.469 1.8297 0.3859 1.9604 0.1297 2.0911 0 2.2218 0 2.3525 0 2.4832 3
1.5967 1.8171 0 1.8184 0.1559 1.2519 0.3117 0.946 0.4676 0.7896 0.6235 0.6858 0.7794 0.6153 0.9352 0.5635 1.0911 0.5762 1.247 0.5845 1.4029 0.5981 1.5587 0.5653 1.7146 0.5827 1.8705 0.5124 2.0264 0.2632 2.1822 0.3803 2.3381 0.2425 2.494 0.1531 2.6499 0 2.8057 0.0231 2.9616 3
1.7182 1.761 0 1.6972 0.0979 1.4109 0.1958 1.0908 0.2936 0.8769 0.3915 0.7488 0.4894 0.6782 0.5873 0.6234 0.6851 0.5691 0.783 0.5311 0.8809 0.4771 0.9788 0.4601 1.0766 0.4118 1.1745 0.4295 1.2724 0.4081 1.3703 0.3482 1.4681 0.3495 1.566 0.2013 1.6639 0.1802 1.7618 0.2805 1.8596 3
1.7146 1.7767 0 1.7956 0.1498 1.3556 0.2996 0.9983 0.4494 0.7998 0.5992 0.6928 0.749 0.6429 0.8988 0.5571 1.0486 0.5466 1.1984 0.5273 1.3482 0.5271 1.498 0.4906 1.6478 0.4139 1.7976 0.3981 1.9474 0.4401 2.0972 0.2185 2.247 0.484 2.3968 0.2583 2.5466 0.3096 2.6963 0.2427 2.8461 3
1.6163 1.8283 0 1.7924 0.1497 1.2777 0.2994 0.9937 0.4491 0.802 0.5987 0.7015 0.7484 0.6493 0.8981 0.6175 1.0478 0.5465 1.1975 0.5283 1.3472 0.5269 1.4969 0.4854 1.6466 0.4575 1.7962 0.3694 1.9459 0.3744 2.0956 0.2724 2.2453 0.2557 2.395 0.2302 2.5447 0.1266 2.6944 0.3711 2.844 3
1.6144 1.7972 0 1.809 0.1519 1.2907 0.3039 0.9862 0.4558 0.8212 0.6077 0.7131 0.7597 0.6481 0.9116 0.6022 1.0636 0.5684 1.2155 0.5156 1.3674 0.4824 1.5194 0.5308 1.6713 0.4203 1.8232 0.4608 1.9752 0.1454 2.1271 0.2823 2.2791 0.3175 2.431 0 2.5829 0.2907 2.7349 0 2.8868 3
1.6943 1.8211 0 1.8075 0.148 1.3048 0.296 0.9944 0.4439 0.8294 0.5919 0.7084 0.7399 0.672 0.8879 0.5958 1.0358 0.5924 1.1838 0.5759 1.3318 0.489 1.4798 0.4953 1.6277 0.4242 1.7757 0.3597 1.9237 0.2824 2.0717 0.2367 2.2197 0.3012 2.3676 0.0631 2.5156 0.1965 2.6636 0.0042 2.8116 3
1.693 1.7899 0 1.8172 0.1545 1.2941 0.309 0.9653 0.4635 0.7918 0.618 0.7454 0.7726 0.707 0.9271 0.6398 1.0816 0.5578 1.2361 0.562 1.3906 0.4867 1.5451 0.4291 1.6996 0.4535 1.8541 0.2793 2.0086 0.2534 2.1631 0.2847 2.3177 0.065 2.4722 -0.0489 2.6267 0.2969 2.7812 0.1601 2.9357 3
1.6975 1.7784 0 1.7943 0.148 1.3301 0.296 0.9946 0.4441 0.8281 0.5921 0.7362 0.7401 0.6595 0.8881 0.6092 1.0362 0.5787 1.1842 0.5356 1.3322 0.5069 1.4802 0.408 1.6283 0.3564 1.7763 0.4395 1.9243 0.3754 2.0723 0.3454 2.2203 0.3156 2.3684 0.4187 2.5164 0.2157 2.6644 0 2.8124 3
1.5822 1.8369 0 1.7093 0.1473 1.4167 0.2946 1.067 0.4419 0.8372 0.5892 0.7404 0.7365 0.6267 0.8837 0.5327 1.031 0.5152 1.1783 0.446 1.3256 0.4721 1.4729 0.5319 1.6202 0.4457 1.7675 0.4045 1.9148 0.3405 2.0621 0.3282 2.2094 0.4113 2.3567 0.1329 2.504 0.1086 2.6512 0.4567 2.7985 3
1.6658 1.8214 0 1.7802 0.1538 1.345 0.3076 1.0245 0.4615 0.8497 0.6153 0.7279 0.7691 0.6623 0.9229 0.6753 1.0767 0.5967 1.2305 0.5518 1.3844 0.5251 1.5382 0.4923 1.692 0.3142 1.8458 0.333 1.9996 0.2513 2.1534 0.4268 2.3073 0.4655 2.4611 0.4354 2.6149 0.0788 2.7687 0.7314 2.9225 3
1.693 1.7659 0 1.836 0.1489 1.2693 0.2977 0.955 0.4466 0.8221 0.5955 0.7232 0.7444 0.6224 0.8932 0.5604 1.0421 0.576 1.191 0.5179 1.3399 0.5352 1.4887 0.4852 1.6376 0.3453 1.7865 0.2916 1.9353 0.4487 2.0842 0.4879 2.2331 0 2.382 0 2.5308 0.2666 2.6797 0.199 2.8286 3
1.7324 1.7615 0 1.8072 0.1504 1.3251 0.3008 1.005 0.4512 0.8391 0.6016 0.7626 0.752 0.697 0.9024 0.6126 1.0528 0.5981 1.2032 0.542 1.3536 0.4735 1.504 0.4607 1.6544 0.4113 1.8048 0.3806 1.9552 0.2841 2.1056 0.2238 2.256 0.1559 2.4064 0.2698 2.5568 0.2424 2.7072 0 2.8576 3
1.6697 1.7953 0 1.8057 0.1562 1.3109 0.3125 0.9585 0.4687 0.7993 0.6249 0.7036 0.7812 0.6158 0.9374 0.6014 1.0937 0.5531 1.2499 0.5237 1.4061 0.5007 1.5624 0.4602 1.7186 0.3791 1.8748 0.3942 2.0311 0.469 2.1873 0.2366 2.3436 0.1436 2.4998 0.1176 2.656 0.2421 2.8123 0.3358 2.9685 3
1.705 1.7859 0 1.7514 0.1217 1.3856 0.2435 1.0354 0.3652 0.8579 0.487 0.7369 0.6087 0.6689 0.7305 0.5974 0.8522 0.5658 0.974 0.531 1.0957 0.4281 1.2174 0.4308 1.3392 0.3982 1.4609 0.3349 1.5827 0.0359 1.7044 0.3541 1.8262 0.1909 1.9479 0.3126 2.0696 0.3853 2.1914 0.2777 2.3131 3
1.6796 1.7566 0 1.7965 0.131 1.3481 0.262 0.9747 0.3931 0.7688 0.5241 0.6832 0.6551 0.6371 0.7861 0.5629 0.9171 0.5295 1.0482 0.5266 1.1792 0.474 1.3102 0.5876 1.4412 0.4502 1.5723 0.5225 1.7033 0.4716 1.8343 0.3249 1.9653 0.2737 2.0963 0.1181 2.2274 0 2.3584 0 2.4894 3
1.577 1.8245 0 1.8041 0.1553 1.2931 0.3105 0.9306 0.4658 0.7512 0.6211 0.6883 0.7763 0.6077 0.9316 0.5943 1.0869 0.571 1.2421 0.6012 1.3974 0.6557 1.5527 0.548 1.7079 0.435 1.8632 0.5644 2.0185 0.4244 2.1738 0.4643 2.329 0.3155 2.4843 0.2477 2.6396 0.3464 2.7948 0.3301 2.9501 3
1.6283 1.768 0 1.8138 0.1291 1.3089 0.2582 0.9483 0.3873 0.7498 0.5163 0.6568 0.6454 0.5964 0.7745 0.5555 0.9036 0.5484 1.0327 0.5072 1.1618 0.4806 1.2909 0.5063 1.4199 0.6065 1.549 0.5815 1.6781 0.1776 1.8072 0.2657 1.9363 0.2951 2.0654 0 2.1944 0.1824 2.3235 0.2907 2.4526 3
1.7391 1.7513 0 1.8172 0.1462 1.312 0.2925 0.968 0.4387 0.8086 0.5849 0.7422 0.7311 0.6804 0.8774 0.6097 1.0236 0.5719 1.1698 0.5163 1.316 0.5779 1.4623 0.4866 1.6085 0.4781 1.7547 0.385 1.901 0.4244 2.0472 0.367 2.1934 0.4006 2.3396 0.3124 2.4859 0.3383 2.6321 0.1815 2.7783 3
1.5885 1.8039 0 1.743 0.1244 1.3742 0.2489 1.0068 0.3733 0.8026 0.4978 0.6937 0.6222 0.642 0.7467 0.5788 0.8711 0.5324 0.9955 0.5006 1.12 0.5223 1.2444 0.5099 1.3689 0.5782 1.4933 0.4562 1.6178 0.4266 1.7422 0.298 1.8666 0.2904 1.9911 0.4689 2.1155 0.1441 2.24 0.0831 2.3644 3
1.5779 1.795 0 1.822 0.1457 1.2862 0.2914 0.9345 0.4371 0.7585 0.5829 0.6213 0.7286 0.5454 0.8743 0.5275 1.02 0.5322 1.1657 0.5474 1.3114 0.5387 1.4571 0.5621 1.6029 0.3788 1.7486 0.5095 1.8943 0.2631 2.04 0.4087 2.1857 0.7183 2.3314 0.1216 2.4771 0.4619 2.6229 0 2.7686 3
1.6499 1.819 0 1.6903 0.1196 1.4399 0.2392 1.0979 0.3588 0.8863 0.4784 0.7471 0.598 0.6283 0.7176 0.5779 0.8372 0.5253 0.9568 0.4914 1.0764 0.4495 1.1961 0.4993 1.3157 0.4852 1.4353 0.3383 1.5549 0.5038 1.6745 0.1604 1.7941 0.2294 1.9137 0.2824 2.0333 0.3523 2.1529 0 2.2725 3
1.6439 1.7884 0 1.8671 0.1481 1.1966 0.2962 0.9032 0.4443 0.7539 0.5924 0.6862 0.7405 0.601 0.8886 0.5312 1.0366 0.5424 1.1847 0.5587 1.3328 0.4458 1.4809 0.5685 1.629 0.32 1.7771 0.4706 1.9252 0.4272 2.0733 0.0342 2.2214 -0.3403 2.3695 0 2.5176 0.1722 2.6657 -0.2616 2.8138 3
1.6729 1.7954 0 1.804 0.144 1.344 0.2879 0.9692 0.4319 0.7734 0.5758 0.6879 0.7198 0.6429 0.8637 0.6255 1.0077 0.5148 1.1517 0.5798 1.2956 0.538 1.4396 0.4954 1.5835 0.5482 1.7275 0.3794 1.8714 0.4693 2.0154 0.3636 2.1594 0.1995 2.3033 0 2.4473 0.2737 2.5912 0 2.7352 3
1.6424 1.8165 0 1.8136 0.1553 1.3115 0.3107 0.9512 0.466 0.789 0.6214 0.6834 0.7767 0.6268 0.9321 0.5923 1.0874 0.5537 1.2428 0.5725 1.3981 0.442 1.5535 0.4903 1.7088 0.3114 1.8642 0.3243 2.0195 0.1929 2.1749 0.1249 2.3302 0.219 2.4855 0.0467 2.6409 0.4782 2.7962 0.3144 2.9516 3
1.5665 1.8507 0 1.7446 0.1498 1.3766 0.2996 1.0412 0.4494 0.8113 0.5992 0.6658 0.7491 0.5739 0.8989 0.5465 1.0487 0.4944 1.1985 0.4834 1.3483 0.512 1.4981 0.4997 1.6479 0.5389 1.7977 0.612 1.9476 0.6127 2.0974 0.418 2.2472 0.2975 2.397 0 2.5468 0.1136 2.6966 0.199 2.8464 3
1.6362 1.818 0 1.8018 0.1508 1.3039 0.3017 0.9762 0.4525 0.8106 0.6034 0.6839 0.7542 0.6357 0.9051 0.622 1.0559 0.6116 1.2068 0.5113 1.3576 0.5272 1.5085 0.5578 1.6593 0.4723 1.8102 0.3082 1.961 0.5106 2.1119 0.3727 2.2627 0.1856 2.4136 0 2.5644 0.1535 2.7153 0 2.8661 3
1.6434 1.81 0 1.8036 0.1487 1.3336 0.2975 0.9706 0.4462 0.7667 0.5949 0.6735 0.7437 0.6034 0.8924 0.5593 1.0411 0.591 1.1899 0.5527 1.3386 0.5984 1.4873 0.5486 1.6361 0.4847 1.7848 0.4679 1.9335 0.3569 2.0823 0.3181 2.231 0 2.3797 0 2.5284 0 2.6772 0 2.8259 3
1.6169 1.8053 0 1.8215 0.1514 1.2676 0.3028 0.9351 0.4543 0.7686 0.6057 0.6727 0.7571 0.6061 0.9085 0.5425 1.0599 0.5575 1.2113 0.5872 1.3628 0.5398 1.5142 0.5309 1.6656 0.4907 1.817 0.3399 1.9684 0.2813 2.1198 0.3472 2.2713 0.0875 2.4227 0.1617 2.5741 0.3403 2.7255 0 2.8769 3
1.6298 1.7802 0 1.7571 0.1306 1.3862 0.2612 1.0089 0.3918 0.7933 0.5225 0.7094 0.6531 0.6386 0.7837 0.5801 0.9143 0.5202 1.0449 0.5548 1.1755 0.5447 1.3062 0.5581 1.4368 0.5595 1.5674 0.5759 1.698 0.3956 1.8286 0.3205 1.9592 0.1601 2.0899 0.2666 2.2205 0.1601 2.3511 0.4064 2.4817 3
1.6312 1.8182 0 1.752 0.1349 1.3873 0.2698 1.019 0.4046 0.8224 0.5395 0.6931 0.6744 0.6108 0.8093 0.5687 0.9441 0.5436 1.079 0.5191 1.2139 0.4709 1.3488 0.4738 1.4836 0.3218 1.6185 0.3378 1.7534 0.3177 1.8883 0.1756 2.0231 0.155 2.158 0 2.2929 -0.0606 2.4278 0 2.5627 3
1.6993 1.7915 0 1.8469 0.1516 1.266 0.3032 0.9214 0.4548 0.7527 0.6064 0.6651 0.758 0.6284 0.9096 0.5496 1.0612 0.5696 1.2128 0.5368 1.3644 0.491 1.516 0.4851 1.6676 0.4896 1.8192 0.3345 1.9708 0.6343 2.1224 0.328 2.274 0.2647 2.4256 0.2249 2.5772 0.3185 2.7288 0.5124 2.8804 3
1.7143 1.8059 0 1.8246 0.1548 1.3283 0.3097 0.9853 0.4645 0.803 0.6194 0.6793 0.7742 0.6105 0.929 0.5411 1.0839 0.5037 1.2387 0.5427 1.3935 0.514 1.5484 0.2661 1.7032 0.3505 1.8581 0.3823 2.0129 0.2021 2.1677 0.104 2.3226 0.2319 2.4774 0 2.6322 0 2.7871 0 2.9419 3
1.6445 1.8343 0 1.6615 0.1213 1.4388 0.2426 1.1047 0.3639 0.8866 0.4852 0.7603 0.6065 0.6554 0.7278 0.6262 0.8491 0.5362 0.9704 0.53 1.0917 0.542 1.213 0.5016 1.3343 0.4917 1.4556 0.4516 1.5769 0.4452 1.6982 0.3579 1.8195 0.32 1.9408 0.1674 2.0621 0.1835 2.1834 0 2.3047 3
1.5818 1.8452 0 1.7255 0.1561 1.3913 0.3122 1.0575 0.4684 0.8496 0.6245 0.704 0.7806 0.6146 0.9367 0.5857 1.0929 0.585 1.249 0.5428 1.4051 0.4917 1.5612 0.4118 1.7174 0.3178 1.8735 0.355 2.0296 0.3506 2.1857 0.4628 2.3418 0.3113 2.498 0.3099 2.6541 0.153 2.8102 0.1568 2.9663 3
1.5727 1.836 0 1.7351 0.1465 1.4137 0.2931 1.0523 0.4396 0.807 0.5862 0.6688 0.7327 0.5763 0.8792 0.5611 1.0258 0.494 1.1723 0.4708 1.3189 0.507 1.4654 0.4234 1.6119 0.3673 1.7585 0.2738 1.905 0.2208 2.0516 0.1854 2.1981 0 2.3447 0.2737 2.4912 0 2.6377 0 2.7843 3
1.5916 1.8583 0 1.7414 0.1488 1.3911 0.2977 1.0231 0.4465 0.8147 0.5953 0.7178 0.7442 0.6131 0.893 0.6139 1.0418 0.5323 1.1906 0.5211 1.3395 0.5072 1.4883 0.4649 1.6371 0.3985 1.786 0.3399 1.9348 0.2845 2.0836 0.263 2.2325 0.4433 2.3813 0.2651 2.5301 -0.0175 2.679 0.2616 2.8278 3
1.6528 1.8324 0 1.769 0.1494 1.3667 0.2988 1.0144 0.4481 0.8265 0.5975 0.7087 0.7469 0.6107 0.8963 0.5627 1.0456 0.5664 1.195 0.5557 1.3444 0.5419 1.4938 0.5298 1.6432 0.4979 1.7925 0.5286 1.9419 0.4108 2.0913 0.4698 2.2407 0.2833 2.39 0.0842 2.5394 0.2445 2.6888 0.442 2.8382 3
1.5801 1.8387 0 1.7156 0.1496 1.4264 0.2993 1.0559 0.4489 0.8248 0.5985 0.7011 0.7482 0.611 0.8978 0.595 1.0475 0.5475 1.1971 0.4804 1.3467 0.4681 1.4964 0.5228 1.646 0.4768 1.7956 0.4363 1.9453 0.3941 2.0949 0.2908 2.2445 0.3252 2.3942 0.3902 2.5438 0.4859 2.6935 0.5679 2.8431 3
1.5883 1.8463 0 1.7299 0.1512 1.3786 0.3025 1.0489 0.4537 0.8544 0.605 0.7338 0.7562 0.6935 0.9075 0.6094 1.0587 0.5764 1.2099 0.5594 1.3612 0.5343 1.5124 0.5247 1.6637 0.4929 1.8149 0.5266 1.9662 0.4099 2.1174 0.4096 2.2686 0.3686 2.4199 0.4046 2.5711 0 2.7224 0.5547 2.8736 3
1.6657 1.8118 0 1.7384 0.1478 1.4221 0.2957 1.0452 0.4435 0.8366 0.5914 0.7291 0.7392 0.6542 0.887 0.5942 1.0349 0.5565 1.1827 0.5482 1.3306 0.5286 1.4784 0.3838 1.6262 0.407 1.7741 0.4328 1.9219 0.4511 2.0697 0.332 2.2176 0.5325 2.3654 0.4976 2.5133 0.1584 2.6611 0.2096 2.8089 3
1.6632 1.8093 0 1.7609 0.149 1.4062 0.2981 1.039 0.4471 0.8185 0.5961 0.7247 0.7452 0.6303 0.8942 0.5922 1.0432 0.4611 1.1923 0.4574 1.3413 0.4561 1.4903 0.4431 1.6394 0.5603 1.7884 0.3026 1.9374 0.19 2.0865 0.1834 2.2355 0.1332 2.3845 0.4221 2.5336 0.3744 2.6826 0.3839 2.8316 3
1.6037 1.826 0 1.6643 0.1322 1.4495 0.2644 1.0996 0.3965 0.864 0.5287 0.736 0.6609 0.6511 0.7931 0.5715 0.9252 0.5903 1.0574 0.5609 1.1896 0.5557 1.3218 0.5438 1.4539 0.4883 1.5861 0.5172 1.7183 0.3868 1.8505 0.4737 1.9826 0.3425 2.1148 0.525 2.247 0.3453 2.3792 0.3959 2.5114 3
1.5691 1.8491 0 1.7436 0.1554 1.3954 0.3108 1.0327 0.4662 0.8127 0.6216 0.6904 0.777 0.6193 0.9324 0.6134 1.0877 0.5467 1.2431 0.5331 1.3985 0.5311 1.5539 0.5266 1.7093 0.4524 1.8647 0.4031 2.0201 0.337 2.1755 0.4745 2.3309 0.4855 2.4863 0.3188 2.6417 0.5726 2.7971 0 2.9525 3
1.5754 1.7843 0 1.7938 0.1524 1.373 0.3048 0.9667 0.4572 0.7763 0.6096 0.5876 0.762 0.5475 0.9144 0.5093 1.0668 0.4301 1.2192 0.4552 1.3716 0.678 1.524 0.3796 1.6764 0.2955 1.8288 0.042 1.9812 0.3618 2.1336 0 2.286 0.1601 2.4384 0 2.5908 0 2.7432 0 2.8956 3
1.5669 1.8404 0 1.7479 0.155 1.3812 0.31 1.022 0.465 0.807 0.62 0.7128 0.775 0.6227 0.93 0.5652 1.085 0.4721 1.24 0.5193 1.395 0.5085 1.55 0.4997 1.705 0.4881 1.8601 0.5148 2.0151 0.5533 2.1701 0.4284 2.3251 0.3864 2.4801 0.2056 2.6351 0 2.7901 0 2.9451 3
1.6244 1.7643 0 1.548 0.0508 1.2947 0.1016 1.1793 0.1524 1.041 0.2032 0.8766 0.2541 0.7499 0.3049 0.6581 0.3557 0.5908 0.4065 0.5344 0.4573 0.4857 0.5081 0.4681 0.5589 0.4249 0.6097 0.425 0.6605 0.4003 0.7113 0.4507 0.7622 0.5843 0.813 0.3818 0.8638 0.4232 0.9146 0 0.9654 4
1.5776 1.8189 0 1.5668 0.0592 1.2844 0.1185 1.1761 0.1777 1.0393 0.2369 0.8816 0.2962 0.7467 0.3554 0.6551 0.4146 0.5832 0.4739 0.5214 0.5331 0.5059 0.5923 0.5096 0.6516 0.5567 0.7108 0.484 0.77 0.4721 0.8293 0.5608 0.8885 0.3728 0.9477 0.116 1.007 0.1698 1.0662 0.2203 1.1254 4
1.5775 1.8056 0 1.6553 0.0751 1.3328 0.1502 1.1574 0.2253 0.9652 0.3004 0.8242 0.3755 0.6973 0.4506 0.5919 0.5257 0.5371 0.6008 0.4571 0.6759 0.4435 0.751 0.369 0.8261 0.4842 0.9012 0.4236 0.9763 0.4918 1.0515 0.4007 1.1266 0.5124 1.2017 0 1.2768 0 1.3519 0 1.427 4
1.6243 1.7875 0 1.5685 0.0526 1.3017 0.1053 1.1697 0.1579 1.0211 0.2105 0.8769 0.2631 0.7399 0.3158 0.635 0.3684 0.5759 0.421 0.5505 0.4737 0.5042 0.5263 0.4543 0.5789 0.4228 0.6315 0.4674 0.6842 0.4177 0.7368 0.4459 0.7894 0.4709 0.8421 0.4041 0.8947 0.4329 0.9473 0.3551 0.9999 4
1.612 1.7832 0 1.5211 0.0515 1.2868 0.1031 1.1834 0.1546 1.0459 0.2062 0.8903 0.2577 0.7812 0.3093 0.6648 0.3608 0.613 0.4124 0.5514 0.4639 0.4944 0.5154 0.4538 0.567 0.4646 0.6185 0.473 0.6701 0.422 0.7216 0.3764 0.7732 0.3793 0.8247 0.3272 0.8763 0.678 0.9278 0.4337 0.9794 4
1.6178 1.7945 0 1.4792 0.0434 1.2388 0.0868 1.1658 0.1302 1.0539 0.1736 0.9353 0.217 0.8182 0.2605 0.7018 0.3039 0.6294 0.3473 0.5748 0.3907 0.5222 0.4341 0.4807 0.4775 0.4663 0.5209 0.403 0.5643 0.4632 0.6077 0.4247 0.6511 0.398 0.6945 0.3452 0.7379 0.2244 0.7814 0.2944 0.8248 4
1.6188 1.8114 0 1.638 0.0713 1.3338 0.1427 1.1512 0.214 0.9663 0.2854 0.8101 0.3567 0.7004 0.4281 0.6601 0.4994 0.5623 0.5708 0.5695 0.6421 0.5216 0.7135 0.5365 0.7848 0.5457 0.8561 0.4449 0.9275 0.3553 0.9988 0.5779 1.0702 0.5427 1.1415 0.2377 1.2129 0.3851 1.2842 0.2239 1.3556 4
1.6116 1.815 0 1.5349 0.0578 1.3044 0.1156 1.2029 0.1734 1.0479 0.2313 0.8869 0.2891 0.7479 0.3469 0.6667 0.4047 0.5835 0.4625 0.5616 0.5203 0.5351 0.5782 0.4905 0.636 0.4961 0.6938 0.4289 0.7516 0.3877 0.8094 0.4597 0.8672 0.2801 0.9251 0.5427 0.9829 0.2926 1.0407 0.3122 1.0985 4
1.6293 1.8132 0 1.6052 0.0739 1.3904 0.1477 1.1898 0.2216 0.9697 0.2954 0.8096 0.3693 0.7008 0.4432 0.6154 0.517 0.5617 0.5909 0.5603 0.6647 0.5413 0.7386 0.4988 0.8125 0.4843 0.8863 0.5562 0.9602 0.4283 1.034 0.6273 1.1079 0.6187 1.1817 0.293 1.2556 0 1.3295 0 1.4033 4
1.6473 1.8077 0 1.5195 0.053 1.3055 0.1061 1.1968 0.1591 1.0407 0.2122 0.8909 0.2652 0.7635 0.3182 0.6672 0.3713 0.6045 0.4243 0.5518 0.4773 0.5308 0.5304 0.5002 0.5834 0.4804 0.6365 0.4624 0.6895 0.4278 0.7425 0.4009 0.7956 0.5801 0.8486 0.6834 0.9016 0.3804 0.9547 0.2551 1.0077 4
1.5623 1.8146 0 1.5032 0.0511 1.2337 0.1023 1.1638 0.1534 1.0611 0.2046 0.9519 0.2557 0.8089 0.3069 0.7007 0.358 0.6257 0.4092 0.5552 0.4603 0.5009 0.5115 0.4978 0.5626 0.4549 0.6138 0.4684 0.6649 0.422 0.716 0.3369 0.7672 0.3856 0.8183 0.3965 0.8695 0.4312 0.9206 0.2737 0.9718 4
1.5915 1.8317 0 1.4879 0.0535 1.2894 0.1069 1.2124 0.1604 1.0771 0.2139 0.9253 0.2674 0.8057 0.3208 0.6773 0.3743 0.5905 0.4278 0.5235 0.4813 0.4934 0.5347 0.4521 0.5882 0.4855 0.6417 0.504 0.6951 0.3373 0.7486 0.433 0.8021 0.6134 0.8556 0.3982 0.909 0.441 0.9625 0.4826 1.016 4
1.5608 1.8027 0 1.5574 0.0552 1.2435 0.1104 1.1503 0.1655 1.0256 0.2207 0.8888 0.2759 0.7666 0.3311 0.6965 0.3863 0.6089 0.4414 0.5431 0.4966 0.5034 0.5518 0.4636 0.607 0.4468 0.6622 0.4672 0.7173 0.45 0.7725 0.4711 0.8277 0.3409 0.8829 0.3637 0.9381 0.4643 0.9933 0.3042 1.0484 4
1.553 1.8258 0 1.4881 0.0511 1.2263 0.1023 1.1656 0.1534 1.0734 0.2046 0.9473 0.2557 0.8242 0.3069 0.6988 0.358 0.626 0.4092 0.5622 0.4603 0.5036 0.5114 0.4781 0.5626 0.4849 0.6137 0.4502 0.6649 0.408 0.716 0.4472 0.7672 0.5101 0.8183 0.3162 0.8695 0.6402 0.9206 0.1095 0.9717 4
1.5776 1.7928 0 1.5131 0.0463 1.2285 0.0926 1.1441 0.1389 1.0457 0.1852 0.9358 0.2315 0.8053 0.2778 0.7088 0.3241 0.6255 0.3704 0.5516 0.4167 0.5272 0.463 0.4945 0.5093 0.4652 0.5556 0.4042 0.6019 0.3662 0.6482 0.2748 0.6945 0.3289 0.7408 0.3535 0.7871 0.3314 0.8334 0.3726 0.8797 4
1.5701 1.8268 0 1.5008 0.0533 1.2612 0.1065 1.1828 0.1598 1.0749 0.2131 0.9358 0.2664 0.7912 0.3196 0.6918 0.3729 0.6146 0.4262 0.5281 0.4794 0.5038 0.5327 0.4372 0.586 0.4647 0.6392 0.4549 0.6925 0.4219 0.7458 0.4234 0.7991 0.3385 0.8523 0.2439 0.9056 0.3588 0.9589 0.1462 1.0121 4
1.6164 1.7838 0 1.4995 0.0428 1.2456 0.0857 1.1642 0.1285 1.0495 0.1714 0.9356 0.2142 0.8163 0.2571 0.7224 0.2999 0.6226 0.3428 0.556 0.3856 0.5272 0.4284 0.474 0.4713 0.4595 0.5141 0.3968 0.557 0.3311 0.5998 0.355 0.6427 0.3543 0.6855 0.3879 0.7284 0.5322 0.7712 0.3078 0.8141 4
1.6368 1.7921 0 1.5389 0.0506 1.2981 0.1012 1.1835 0.1519 1.0403 0.2025 0.9019 0.2531 0.7684 0.3037 0.6661 0.3543 0.6059 0.405 0.5364 0.4556 0.5316 0.5062 0.4696 0.5568 0.4621 0.6074 0.3765 0.658 0.473 0.7087 0.4646 0.7593 0.3075 0.8099 0.2633 0.8605 0.5387 0.9111 0.619 0.9618 4
1.63 1.7912 0 1.558 0.0462 1.259 0.0923 1.1582 0.1385 1.0262 0.1846 0.9038 0.2308 0.7837 0.277 0.6812 0.3231 0.6024 0.3693 0.5708 0.4155 0.5163 0.4616 0.4061 0.5078 0.3634 0.5539 0.3709 0.6001 0.3808 0.6463 0.4215 0.6924 0.4523 0.7386 0.5177 0.7847 0.5763 0.8309 0.6185 0.8771 4
1.6067 1.8087 0 1.5359 0.0534 1.2817 0.1067 1.1774 0.1601 1.0421 0.2134 0.8924 0.2668 0.7717 0.3201 0.6859 0.3735 0.6054 0.4269 0.5419 0.4802 0.512 0.5336 0.4677 0.5869 0.4722 0.6403 0.464 0.6936 0.4749 0.747 0.4965 0.8004 0.3706 0.8537 0.3464 0.9071 0.4787 0.9604 0.4871 1.0138 4
1.6132 1.8279 0 1.6455 0.0797 1.3898 0.1593 1.1784 0.239 0.9486 0.3187 0.8011 0.3983 0.6701 0.478 0.5926 0.5577 0.5201 0.6373 0.5173 0.717 0.5283 0.7967 0.4767 0.8763 0.3465 0.956 0.7824 1.0357 0.3324 1.1153 0.6437 1.195 0.2685 1.2747 0.6926 1.3543 0.2737 1.434 0.2737 1.5137 4
1.61 1.8073 0 1.5586 0.0593 1.2958 0.1186 1.1935 0.1779 1.0244 0.2372 0.8707 0.2966 0.749 0.3559 0.6625 0.4152 0.589 0.4745 0.5517 0.5338 0.5452 0.5931 0.488 0.6524 0.4989 0.7117 0.5362 0.771 0.5487 0.8304 0.4824 0.8897 0.4037 0.949 0.312 1.0083 0.4484 1.0676 0.5842 1.1269 4
1.6242 1.7905 0 1.6065 0.0442 1.2242 0.0884 1.1058 0.1326 0.9872 0.1768 0.8725 0.2209 0.7637 0.2651 0.6749 0.3093 0.5997 0.3535 0.5308 0.3977 0.4959 0.4419 0.485 0.4861 0.4725 0.5303 0.4516 0.5744 0.436 0.6186 0.4606 0.6628 0.3352 0.707 0.3424 0.7512 0.2939 0.7954 0.5029 0.8396 4
1.6066 1.7785 0 1.5481 0.0461 1.2405 0.0923 1.1383 0.1384 1.0232 0.1846 0.8945 0.2307 0.7903 0.2769 0.6941 0.323 0.6083 0.3691 0.5484 0.4153 0.496 0.4614 0.4547 0.5076 0.4383 0.5537 0.4194 0.5998 0.3858 0.646 0.3171 0.6921 0.4207 0.7383 0.3851 0.7844 0.3629 0.8306 0.4364 0.8767 4
1.6119 1.7943 0 1.5581 0.0497 1.2506 0.0993 1.157 0.149 1.0329 0.1987 0.907 0.2483 0.7854 0.298 0.6785 0.3477 0.6169 0.3973 0.5603 0.447 0.5038 0.4967 0.483 0.5463 0.4299 0.596 0.4909 0.6457 0.4086 0.6953 0.317 0.745 0.4405 0.7946 0.4086 0.8443 0.1841 0.894 0 0.9436 4
1.5868 1.7988 0 1.6275 0.0658 1.3095 0.1316 1.1652 0.1974 0.9924 0.2632 0.8333 0.329 0.727 0.3947 0.6225 0.4605 0.5278 0.5263 0.5081 0.5921 0.4787 0.6579 0.4558 0.7237 0.5152 0.7895 0.3593 0.8553 0.1862 0.9211 0.5851 0.9869 0.5768 1.0527 -0.0842 1.1185 0 1.1842 -0.0532 1.25 4
1.6085 1.7912 0 1.6823 0.0749 1.3407 0.1497 1.1484 0.2246 0.9423 0.2995 0.7914 0.3744 0.6744 0.4492 0.5885 0.5241 0.4406 0.599 0.5373 0.6739 0.4352 0.7487 0.3597 0.8236 0.2508 0.8985 0.2872 0.9734 0.3283 1.0482 0.3197 1.1231 0.153 1.198 0 1.2729 0 1.3477 0 1.4226 4
1.6384 1.7689 0 1.6433 0.0614 1.3045 0.1228 1.1344 0.1842 0.9477 0.2457 0.8027 0.3071 0.6952 0.3685 0.6311 0.4299 0.5736 0.4913 0.541 0.5527 0.5208 0.6141 0.4884 0.6756 0.4969 0.737 0.4429 0.7984 0.5172 0.8598 0.3777 0.9212 0.3774 0.9826 0.266 1.044 0.3809 1.1054 0.3622 1.1669 4
1.6179 1.7695 0 1.6113 0.0532 1.2716 0.1063 1.1449 0.1595 0.9961 0.2127 0.8524 0.2659 0.7313 0.319 0.6394 0.3722 0.5883 0.4254 0.5268 0.4786 0.4584 0.5317 0.4756 0.5849 0.4539 0.6381 0.5125 0.6913 0.3993 0.7444 0.3488 0.7976 0.5967 0.8508 0.2988 0.9039 0.5472 0.9571 0.2616 1.0103 4
1.5754 1.8033 0 1.4088 0.042 1.1909 0.084 1.1591 0.126 1.0922 0.168 0.9934 0.21 0.8795 0.252 0.7647 0.294 0.6682 0.336 0.5823 0.3779 0.506 0.4199 0.482 0.4619 0.4147 0.5039 0.4017 0.5459 0.371 0.5879 0.4581 0.6299 0.3387 0.6719 0.2413 0.7139 0.2349 0.7559 0.1267 0.7979 4
1.5863 1.8213 0 1.4561 0.0451 1.2174 0.0902 1.1633 0.1354 1.0804 0.1805 0.9583 0.2256 0.8235 0.2707 0.7362 0.3158 0.6495 0.361 0.6114 0.4061 0.5433 0.4512 0.4755 0.4963 0.4498 0.5414 0.4571 0.5866 0.4097 0.6317 0.4058 0.6768 0.3373 0.7219 0.3939 0.767 0.1693 0.8122 0.0842 0.8573 4
1.5832 1.8121 0 1.5429 0.0692 1.3521 0.1385 1.2417 0.2077 1.0377 0.2769 0.8645 0.3462 0.7241 0.4154 0.639 0.4846 0.5664 0.5539 0.5322 0.6231 0.488 0.6923 0.4108 0.7615 0.4541 0.8308 0.5722 0.9 0.3082 0.9692 0.5296 1.0385 0.2445 1.1077 0 1.1769 0.3403 1.2462 0 1.3154 4
1.5778 1.8338 0 1.5447 0.0635 1.3053 0.1269 1.2065 0.1904 1.0507 0.2539 0.8941 0.3173 0.7535 0.3808 0.6794 0.4442 0.6073 0.5077 0.5454 0.5712 0.5201 0.6346 0.4708 0.6981 0.4535 0.7616 0.4592 0.825 0.4917 0.8885 0.4998 0.952 0.587 1.0154 0.2528 1.0789 0.5729 1.1424 0.5609 1.2058 4
1.5524 1.806 0 1.6186 0.0752 1.3509 0.1504 1.1912 0.2256 0.9989 0.3008 0.8108 0.376 0.7021 0.4512 0.596 0.5264 0.5535 0.6016 0.5001 0.6768 0.4842 0.752 0.4127 0.8272 0.4448 0.9024 0.092 0.9776 0.1229 1.0528 0 1.128 0 1.2032 0 1.2784 0 1.3536 0 1.4288 4
1.5629 1.8065 0 1.558 0.059 1.2713 0.118 1.1767 0.1769 1.0391 0.2359 0.8955 0.2949 0.7709 0.3539 0.6561 0.4128 0.5861 0.4718 0.5244 0.5308 0.5034 0.5898 0.4819 0.6488 0.4885 0.7077 0.4536 0.7667 0.4818 0.8257 0.2721 0.8847 0.4462 0.9436 0.2447 1.0026 -0.199 1.0616 0.105 1.1206 4
1.5657 1.8269 0 1.4434 0.0454 1.1968 0.0907 1.1559 0.1361 1.0849 0.1814 0.961 0.2268 0.8489 0.2721 0.7552 0.3175 0.6621 0.3628 0.6011 0.4082 0.5348 0.4535 0.4897 0.4989 0.4684 0.5442 0.4564 0.5896 0.4012 0.6349 0.2724 0.6803 0.5009 0.7257 0.382 0.771 0.4971 0.8164 0.4741 0.8617 4
1.6064 1.8115 0 1.5977 0.06 1.2944 0.1201 1.1791 0.1801 1.0281 0.2402 0.8598 0.3002 0.7415 0.3602 0.6474 0.4203 0.5938 0.4803 0.5337 0.5403 0.4965 0.6004 0.458 0.6604 0.4978 0.7205 0.5126 0.7805 0.6113 0.8405 0.454 0.9006 0.5335 0.9606 0.5878 1.0206 0.0712 1.0807 0 1.1407 4
1.609 1.8 0 1.5046 0.0517 1.2842 0.1034 1.19 0.1551 1.0588 0.2068 0.9075 0.2585 0.7705 0.3102 0.6884 0.3619 0.6073 0.4136 0.5657 0.4653 0.4804 0.517 0.4351 0.5687 0.4862 0.6204 0.446 0.6721 0.4526 0.7238 0.3987 0.7755 0.4817 0.8272 0.3985 0.8789 0.3836 0.9306 0.4454 0.9823 4
1.6353 1.7795 0 1.57 0.0515 1.2856 0.1029 1.1672 0.1544 1.034 0.2059 0.8789 0.2574 0.7644 0.3088 0.6437 0.3603 0.5922 0.4118 0.5294 0.4632 0.5031 0.5147 0.4546 0.5662 0.3846 0.6177 0.4157 0.6691 0.352 0.7206 0.4762 0.7721 0.3586 0.8236 0.3287 0.875 0.4634 0.9265 0.6303 0.978 4
1.5993 1.8137 0 1.6116 0.0646 1.3185 0.1293 1.1798 0.1939 0.9972 0.2585 0.8401 0.3232 0.7177 0.3878 0.6267 0.4524 0.5706 0.5171 0.4926 0.5817 0.4682 0.6464 0.5407 0.711 0.4562 0.7756 0.4573 0.8403 0.5455 0.9049 0.4699 0.9695 0.3488 1.0342 0 1.0988 0 1.1634 0 1.2281 4
1.6133 1.7888 0 1.5414 0.045 1.2257 0.0899 1.1153 0.1349 1.0193 0.1799 0.8928 0.2248 0.7889 0.2698 0.7119 0.3148 0.6394 0.3597 0.5693 0.4047 0.528 0.4497 0.4816 0.4946 0.4597 0.5396 0.3789 0.5846 0.3926 0.6295 0.3861 0.6745 0.3995 0.7194 0.3344 0.7644 0.2442 0.8094 0.1442 0.8543 4
1.6094 1.7935 0 1.5695 0.0497 1.26 0.0994 1.1435 0.149 1.0062 0.1987 0.8879 0.2484 0.7604 0.2981 0.6655 0.3478 0.6022 0.3975 0.5332 0.4471 0.4881 0.4968 0.4667 0.5465 0.4893 0.5962 0.4058 0.6459 0.3475 0.6955 0.3043 0.7452 0.3477 0.7949 0.3378 0.8446 0.2255 0.8943 0 0.944 4
1.6001 1.7672 0 1.5638 0.0423 1.2255 0.0846 1.1102 0.1269 1.0275 0.1692 0.9076 0.2115 0.795 0.2538 0.6955 0.2961 0.6249 0.3384 0.5471 0.3807 0.4883 0.4229 0.457 0.4652 0.4377 0.5075 0.4166 0.5498 0.4178 0.5921 0.3651 0.6344 0.3245 0.6767 0.3073 0.719 0.4991 0.7613 0.2962 0.8036 4
1.5549 1.8291 0 1.5038 0.0527 1.2383 0.1053 1.1693 0.158 1.0673 0.2106 0.9391 0.2633 0.8132 0.3159 0.7003 0.3686 0.6144 0.4213 0.5418 0.4739 0.5052 0.5266 0.4491 0.5792 0.4279 0.6319 0.41 0.6845 0.3794 0.7372 0.3938 0.7899 0.3481 0.8425 0.3764 0.8952 0.2039 0.9478 0.1108 1.0005 4
1.5774 1.8142 0 1.5001 0.0485 1.2441 0.097 1.1682 0.1455 1.0676 0.194 0.9185 0.2425 0.802 0.291 0.7095 0.3395 0.612 0.388 0.5527 0.4366 0.5018 0.4851 0.4842 0.5336 0.4188 0.5821 0.4179 0.6306 0.3418 0.6791 0.3703 0.7276 0.3724 0.7761 0.3795 0.8246 0.2139 0.8731 0.5227 0.9216 4
1.5675 1.8102 0 1.5023 0.0488 1.2417 0.0977 1.1633 0.1465 1.0567 0.1953 0.9355 0.2441 0.8038 0.293 0.6879 0.3418 0.6022 0.3906 0.5419 0.4395 0.4882 0.4883 0.4705 0.5371 0.4667 0.5859 0.4419 0.6348 0.4361 0.6836 0.4191 0.7324 0.4957 0.7813 0.4584 0.8301 0.3556 0.8789 0.3013 0.9277 4
1.6082 1.7997 0 1.5297 0.0474 1.2555 0.0948 1.1576 0.1423 1.0388 0.1897 0.8926 0.2371 0.7778 0.2845 0.6807 0.332 0.6118 0.3794 0.5483 0.4268 0.5014 0.4742 0.4554 0.5217 0.4163 0.5691 0.4269 0.6165 0.4638 0.6639 0.4852 0.7114 0.4242 0.7588 0.3604 0.8062 0.1793 0.8536 0.3143 0.9011 4
1.5954 1.8104 0 1.5658 0.0558 1.2882 0.1116 1.1878 0.1674 1.0276 0.2232 0.8782 0.279 0.7554 0.3348 0.6755 0.3906 0.5882 0.4464 0.501 0.5021 0.5224 0.5579 0.4694 0.6137 0.4678 0.6695 0.4524 0.7253 0.4053 0.7811 0.5415 0.8369 0.3568 0.8927 0.6212 0.9485 0.5045 1.0043 0 1.0601 4
1.6031 1.8293 0 1.6061 0.0724 1.3546 0.1448 1.1815 0.2172 0.9832 0.2897 0.8221 0.3621 0.7217 0.4345 0.6299 0.5069 0.5936 0.5793 0.5625 0.6517 0.5988 0.7241 0.5468 0.7965 0.5314 0.869 0.4818 0.9414 0.4288 1.0138 0.4766 1.0862 0.4598 1.1586 0.5288 1.231 0.4397 1.3034 0.1285 1.3759 4
1.6249 1.7956 0 1.5457 0.0567 1.317 0.1134 1.2067 0.1701 1.0351 0.2268 0.8818 0.2835 0.7616 0.3402 0.6521 0.3969 0.5871 0.4536 0.5391 0.5102 0.5234 0.5669 0.4941 0.6236 0.4385 0.6803 0.4701 0.737 0.3953 0.7937 0.379 0.8504 0.4962 0.9071 0.4307 0.9638 0 1.0205 0 1.0772 4
1.65829 1.76319 -1.29008e-15 1.8966 0.155778 0.791804 0.311557 0.696691 0.467335 0.682613 0.623113 0.840093 0.778892 0.719101 0.93467 0.723826 1.09045 0.69319 1.24623 0.718438 1.40201 0.71083 1.55778 0.699208 1.71356 0.560291 1.86934 0.49331 2.02512 0.37475 2.1809 0.26742 2.33668 0.176562 2.49245 0.20773 2.64823 0.254536 2.80401 0.0220584 2.95979 5
1.70952 1.87709 -1.29008e-15 1.73948 0.0453258 1.27605 0.0906516 1.14257 0.135977 1.02084 0.181303 0.902836 0.226629 0.811078 0.271955 0.733924 0.31728 0.69262 0.362606 0.633846 0.407932 0.55388 0.453258 0.471718 0.498584 0.44814 0.543909 0.405309 0.589235 0.401076 0.634561 0.349755 0.679887 0.375318 0.725213 0.346746 0.770538 0.603583 0.815864 0.365212 0.86119 5
1.98002 1.11483 -1.29008e-15 1.672 0.0108014 1.49014 0.0216028 1.15556 0.0324042 0.88832 0.0432056 0.65891 0.054007 0.5157 0.0648084 0.43083 0.0756098 0.397637 0.0864112 0.364262 0.0972126 0.237599 0.108014 0.155787 0.118815 0.17535 0.129617 0.162456 0.140418 0.0796327 0.15122 0.279412 0.162021 0.239143 0.172822 0.11777 0.183624 0.0681028 0.194425 0.171906 0.205227 5
1.64329 1.95101 -1.29008e-15 1.87734 0.115779 1.27468 0.231559 0.900726 0.347338 0.764248 0.463117 0.699261 0.578897 0.638927 0.694676 0.583465 0.810455 0.564425 0.926235 0.60034 1.04201 0.483839 1.15779 0.437902 1.27357 0.417296 1.38935 0.347811 1.50513 0.210579 1.62091 0.245173 1.73669 0.0764216 1.85247 0.309491 1.96825 0.513071 2.08403 5.21032e-17 2.19981 5
1.86118 1.69765 -1.29008e-15 1.83896 0.065255 1.31765 0.13051 1.13296 0.195765 1.00927 0.26102 0.911899 0.326275 0.83264 0.39153 0.738939 0.456785 0.667879 0.52204 0.597532 0.587295 0.583677 0.65255 0.559108 0.717804 0.539875 0.783059 0.600363 0.848314 0.476809 0.913569 0.426226 0.978824 0.450718 1.04408 0.23117 1.10933 0.232043 1.17459 0.146233 1.23984 5
1.67642 1.91795 -1.29008e-15 1.7382 0.0987693 1.34823 0.197539 1.02078 0.296308 0.903369 0.395077 0.817571 0.493847 0.792299 0.592616 0.753757 0.691385 0.685118 0.790154 0.634639 0.888924 0.534529 0.987693 0.497343 1.08646 0.505354 1.18523 0.404414 1.284 0.439585 1.38277 0.295364 1.48154 0.0992347 1.58031 0.209594 1.67908 5.21032e-17 1.77785 0 1.87662 5
1.68971 1.7328 -1.29008e-15 1.64151 0.0247361 1.28012 0.0494722 1.15664 0.0742083 1.04146 0.0989444 0.91126 0.123681 0.801776 0.148417 0.746032 0.173153 0.684002 0.197889 0.651518 0.222625 0.59204 0.247361 0.538636 0.272097 0.540908 0.296833 0.495196 0.321569 0.466935 0.346306 0.414573 0.371042 0.337608 0.395778 0.360536 0.420514 0.244902 0.44525 0.169256 0.469986 5
1.82424 1.78697 -1.29008e-15 1.8809 0.135695 1.25276 0.271391 1.06602 0.407086 0.979923 0.542781 0.85627 0.678476 0.773583 0.814172 0.772089 0.949867 0.749724 1.08556 0.701749 1.22126 0.690337 1.35695 0.555464 1.49265 0.512984 1.62834 0.628674 1.76404 0.665709 1.89973 0.561981 2.03543 0.731168 2.17112 0.673992 2.30682 0.692721 2.44251 0 2.57821 5
1.77571 1.46267 -1.29008e-15 1.93426 0.118365 1.08715 0.236729 0.920352 0.355094 0.83194 0.473458 0.750252 0.591823 0.656279 0.710187 0.640599 0.828552 0.589927 0.946916 0.567966 1.06528 0.605179 1.18365 0.582839 1.30201 0.623619 1.42037 0.500721 1.53874 0.413971 1.6571 0.305758 1.77547 0.43575 1.89383 5.21032e-17 2.0122 0.400754 2.13056 0 2.24893 5
1.64213 1.63895 -1.29008e-15 1.90937 0.0549878 0.99153 0.109976 0.881151 0.164963 0.795594 0.219951 0.700044 0.274939 0.624802 0.329927 0.597558 0.384915 0.568614 0.439902 0.571856 0.49489 0.559897 0.549878 0.560302 0.604866 0.583202 0.659853 0.572403 0.714841 0.611976 0.769829 0.618999 0.824817 0.484026 0.879805 0.319265 0.934792 0.198687 0.98978 0.223853 1.04477 5
1.6335 1.34185 -1.29008e-15 1.81994 0.0215242 1.27401 0.0430484 1.0825 0.0645727 0.905678 0.0860969 0.830091 0.107621 0.86027 0.129145 0.698799 0.15067 0.527985 0.172194 0.487109 0.193718 0.547253 0.215242 0.52022 0.236766 0.499665 0.258291 0.482489 0.279815 0.482054 0.301339 0.435699 0.322863 0.459529 0.344388 0.310927 0.365912 0.30122 0.387436 0.162482 0.40896 5
1.72314 1.77811 -1.29008e-15 1.76283 0.0828671 1.21384 0.165734 1.04055 0.248601 0.956616 0.331469 0.885909 0.414336 0.851954 0.497203 0.808273 0.58007 0.755028 0.662937 0.709198 0.745804 0.621334 0.828671 0.570162 0.911538 0.528323 0.994406 0.490984 1.07727 0.496869 1.16014 0.555868 1.24301 0.380952 1.32587 0.405586 1.40874 0.3766 1.49161 0.205847 1.57448 5
1.74525 1.67933 -1.29008e-15 1.91945 0.124585 1.08362 0.24917 0.919291 0.373755 0.82 0.49834 0.801394 0.622926 0.834266 0.747511 0.833248 0.872096 0.778197 0.996681 0.699532 1.12127 0.608738 1.24585 0.545668 1.37044 0.45336 1.49502 0.334156 1.61961 0.253288 1.74419 0.365477 1.86878 0.169904 1.99336 0.369207 2.11795 0.0681028 2.24253 0.312643 2.36712 5
1.90984 1.14913 -6.4504e-16 1.9495 0.0260325 1.03519 0.052065 0.781722 0.0780976 0.607808 0.10413 0.475533 0.130163 0.440759 0.156195 0.497055 0.182228 0.472843 0.20826 0.465969 0.234293 0.404812 0.260325 0.338139 0.286358 0.397223 0.31239 0.383639 0.338423 0.433953 0.364455 0.524999 0.390488 0.516137 0.41652 0.217492 0.442553 0.408657 0.468585 0.10859 0.494618 5
1.53006 1.80268 -1.29008e-15 1.82786 0.0739548 1.25396 0.14791 1.12637 0.221864 0.996873 0.295819 0.87182 0.369774 0.72562 0.443729 0.616873 0.517683 0.525307 0.591638 0.516204 0.665593 0.527302 0.739548 0.469202 0.813503 0.4544 0.887457 0.444729 0.961412 0.267599 1.03537 0.311737 1.10932 0.185274 1.18328 0.283757 1.25723 0.250762 1.33119 0.235177 1.40514 5
1.71505 1.73491 -1.29008e-15 1.88579 0.135816 1.20056 0.271632 0.975972 0.407449 0.806799 0.543265 0.73202 0.679081 0.644781 0.814897 0.624287 0.950714 0.668957 1.08653 0.703251 1.22235 0.728007 1.35816 0.593715 1.49398 0.411667 1.62979 0.444558 1.76561 0.353355 1.90143 0.289744 2.03724 0.331623 2.17306 0.26669 2.30888 0.205585 2.44469 0 2.58051 5
1.7637 1.76212 -1.29008e-15 1.92829 0.116513 1.12853 0.233026 0.967902 0.349538 0.936685 0.466051 0.742155 0.582564 0.53397 0.699077 0.53344 0.815589 0.465766 0.932102 0.447072 1.04861 0.523598 1.16513 0.543126 1.28164 0.459668 1.39815 0.421717 1.51467 0.4526 1.63118 0.264104 1.74769 0.231127 1.8642 0 1.98072 0.0881111 2.09723 5.21032e-17 2.21374 5
1.7405 1.62246 -1.29008e-15 1.92404 0.120526 1.22016 0.241052 0.95675 0.361578 0.816863 0.482104 0.713902 0.60263 0.714877 0.723156 0.673857 0.843682 0.572161 0.964208 0.558675 1.08473 0.636228 1.20526 0.570652 1.32579 0.543775 1.44631 0.424233 1.56684 0.193849 1.68736 0.200095 1.80789 1.04206e-16 1.92842 0.164102 2.04894 0 2.16947 0 2.28999 5
1.6788 1.53437 -1.29008e-15 1.90823 0.0291864 1.20772 0.0583729 0.977904 0.0875593 0.833351 0.116746 0.735316 0.145932 0.667703 0.175119 0.650333 0.204305 0.580471 0.233492 0.564416 0.262678 0.555046 0.291864 0.541916 0.321051 0.60084 0.350237 0.56304 0.379424 0.518282 0.40861 0.354232 0.437797 0.299603 0.466983 0.275392 0.49617 0.240487 0.525356 0.257994 0.554542 5
1.82224 1.8613 -1.29008e-15 1.89438 0.12361 1.29486 0.247221 1.01757 0.370831 0.888684 0.494442 0.77418 0.618052 0.807933 0.741662 0.718386 0.865273 0.665829 0.988883 0.661865 1.11249 0.616588 1.2361 0.509656 1.35971 0.50335 1.48332 0.480784 1.60694 0.510765 1.73055 0.175206 1.85416 0.130156 1.97777 0.324407 2.10138 0 2.22499 5.21032e-17 2.3486 5
1.75446 1.87007 -1.29008e-15 1.7944 0.0446557 1.30185 0.0893114 1.01136 0.133967 0.84057 0.178623 0.753894 0.223278 0.739922 0.267934 0.734624 0.31259 0.719376 0.357245 0.673889 0.401901 0.608705 0.446557 0.572432 0.491213 0.530951 0.535868 0.4759 0.580524 0.506821 0.62518 0.510322 0.669835 0.420364 0.714491 0.511794 0.759147 0.460727 0.803802 0.450182 0.848458 5
1.64331 1.65414 -1.29008e-15 1.94431 0.139849 0.92009 0.279698 0.819666 0.419547 0.780402 0.559395 0.698939 0.699244 0.628572 0.839093 0.620065 0.978942 0.692112 1.11879 0.734222 1.25864 0.667412 1.39849 0.63695 1.53834 0.495588 1.67819 0.406425 1.81804 0.354089 1.95788 0.254292 2.09773 0.24864 2.23758 0.0245745 2.37743 1.04206e-16 2.51728 0.071992 2.65713 5
1.74329 1.98769 -1.29008e-15 1.84994 0.1447 1.17503 0.2894 0.971542 0.4341 0.83551 0.578801 0.834882 0.723501 0.800089 0.868201 0.757659 1.0129 0.781856 1.1576 0.796591 1.3023 0.738775 1.447 0.683439 1.5917 0.594674 1.7364 0.476335 1.8811 0.402185 2.0258 0.284874 2.1705 0.367854 2.3152 0.072932 2.4599 0.177591 2.6046 0 2.7493 5
1.74637 1.74207 -1.29008e-15 1.87697 0.132932 1.0851 0.265865 0.867883 0.398797 0.838279 0.531729 0.774671 0.664662 0.773709 0.797594 0.801688 0.930527 0.797976 1.06346 0.851544 1.19639 0.884877 1.32932 0.834265 1.46226 0.783531 1.59519 0.685042 1.72812 0.610683 1.86105 0.501467 1.99399 0.615835 2.12692 0.643502 2.25985 0.234219 2.39278 0.717315 2.52572 5
1.68577 1.69028 -1.29008e-15 1.92189 0.116112 1.15932 0.232224 0.911113 0.348336 0.862213 0.464448 0.882066 0.580561 0.941866 0.696673 0.725319 0.812785 0.776562 0.928897 0.654376 1.04501 0.683138 1.16112 0.618922 1.27723 0.535715 1.39335 0.520638 1.50946 0.41353 1.62557 0.654203 1.74168 0.145591 1.85779 0.402316 1.97391 0.47175 2.09002 0.0838613 2.20613 5
1.79432 1.97763 -1.29008e-15 1.8459 0.105303 1.21205 0.210606 1.12132 0.315908 1.00326 0.421211 0.877571 0.526514 0.80569 0.631817 0.739814 0.737119 0.673801 0.842422 0.568133 0.947725 0.474824 1.05303 0.390308 1.15833 0.366326 1.26363 0.350283 1.36894 0.233702 1.47424 0.0657912 1.57954 0.274112 1.68484 0.210828 1.79015 0.0581863 1.89545 0.153663 2.00075 5
1.68776 1.98413 -1.29008e-15 1.84058 0.0421449 1.2199 0.0842899 1.02421 0.126435 0.839887 0.16858 0.741125 0.210725 0.669117 0.25287 0.756963 0.295015 0.725848 0.337159 0.533516 0.379304 0.671281 0.421449 0.664797 0.463594 0.763036 0.505739 0.661441 0.547884 0.67155 0.590029 0.689108 0.632174 0.728812 0.674319 0.573958 0.716464 0.432911 0.758609 0.272353 0.800754 5
1.78868 1.68447 -1.29008e-15 1.88814 0.0868227 1.30555 0.173645 1.10174 0.260468 0.928142 0.347291 0.815968 0.434114 0.724218 0.520936 0.688022 0.607759 0.597931 0.694582 0.664434 0.781404 0.475976 0.868227 0.35995 0.95505 0 1.04187 0.443919 1.1287 0.448059 1.21552 0.589396 1.30234 0.53478 1.38916 0.607162 1.47599 0.471917 1.56281 0.295955 1.64963 5
1.66094 1.82027 -1.29008e-15 1.89919 0.140354 1.2304 0.280709 0.941046 0.421063 0.778351 0.561418 0.78816 0.701772 0.687149 0.842127 0.661536 0.982481 0.67039 1.12284 0.72051 1.26319 0.656435 1.40354 0.599041 1.5439 0.452971 1.68425 0.405521 1.82461 0.112061 1.96496 0.113427 2.10532 5.21032e-17 2.24567 0 2.38603 0 2.52638 0 2.66674 5
1.83949 1.71811 -1.29008e-15 1.73898 0.0503322 1.3422 0.100664 1.11732 0.150997 0.991173 0.201329 0.896539 0.251661 0.855384 0.301993 0.770355 0.352325 0.732192 0.402657 0.685846 0.45299 0.68136 0.503322 0.578643 0.553654 0.579632 0.603986 0.574415 0.654318 0.56598 0.70465 0.419539 0.754983 0.348455 0.805315 0.324551 0.855647 0.240364 0.905979 0.338014 0.956311 5
1.61035 1.96291 -1.29008e-15 1.7713 0.12392 1.36039 0.247841 0.955255 0.371761 0.867378 0.495682 0.823263 0.619602 0.781719 0.743522 0.671807 0.867443 0.629514 0.991363 0.528492 1.11528 0.440332 1.2392 0.404045 1.36312 0.406533 1.48704 0.331821 1.61097 0.427773 1.73489 0.389046 1.85881 0.426326 1.98273 0.362071 2.10665 0.453911 2.23057 0.394237 2.35449 5
1.73333 1.86297 -1.29008e-15 1.82898 0.0685088 1.24331 0.137018 0.939185 0.205526 0.747166 0.274035 0.69062 0.342544 0.615595 0.411053 0.586249 0.479562 0.587033 0.548071 0.598544 0.616579 0.619708 0.685088 0.617708 0.753597 0.594248 0.822106 0.619524 0.890615 0.655539 0.959123 0.610659 1.02763 0.551 1.09614 0.431183 1.16465 0.343496 1.23316 0.309746 1.30167 5
1.61098 1.66287 -6.4504e-16 1.93162 0.14616 0.873061 0.292321 0.663787 0.438481 0.614581 0.584642 0.635352 0.730802 0.602627 0.876963 0.602197 1.02312 0.556235 1.16928 0.615997 1.31544 0.657096 1.4616 0.679859 1.60776 0.718572 1.75393 0.533824 1.90009 0.402065 2.04625 0.292512 2.19241 0.243612 2.33857 0.0965078 2.48473 0.271656 2.63089 0 2.77705 5
1.706 1.91044 -1.29008e-15 1.87595 0.10454 1.20992 0.20908 1.07069 0.31362 0.932728 0.418159 0.82168 0.522699 0.730174 0.627239 0.650296 0.731779 0.710239 0.836319 0.63714 0.940859 0.610121 1.0454 0.523507 1.14994 0.462102 1.25448 0.563227 1.35902 0.478029 1.46356 0.504867 1.5681 0.556974 1.67264 0.4813 1.77718 0.30883 1.88172 0.377685 1.98626 5
1.7537 1.95658 -1.29008e-15 1.68302 0.0762804 1.25462 0.152561 1.03157 0.228841 0.895599 0.305122 0.832545 0.381402 0.769438 0.457682 0.720115 0.533963 0.703747 0.610243 0.662418 0.686524 0.624021 0.762804 0.603536 0.839084 0.572034 0.915365 0.554876 0.991645 0.502611 1.06793 0.348428 1.14421 0.348022 1.22049 0.346092 1.29677 0.361344 1.37305 0.201237 1.44933 5
1.736 1.65787 -1.29008e-15 1.88357 0.11014 1.22043 0.22028 0.964743 0.330419 0.760207 0.440559 0.676294 0.550699 0.646263 0.660839 0.560851 0.770979 0.490295 0.881119 0.45657 0.991258 0.398582 1.1014 0.358877 1.21154 0.373354 1.32168 0.258887 1.43182 0.230721 1.54196 0.378009 1.6521 0.160103 1.76224 5.21032e-17 1.87238 0.22485 1.98252 0 2.09266 5
1.76851 1.78665 -1.29008e-15 1.82928 0.0257378 1.27631 0.0514756 1.1161 0.0772134 1.00534 0.102951 0.872367 0.128689 0.803436 0.154427 0.721753 0.180165 0.665637 0.205902 0.572493 0.23164 0.59883 0.257378 0.583806 0.283116 0.578814 0.308854 0.561846 0.334592 0.607367 0.360329 0.475674 0.386067 0.585319 0.411805 0.508665 0.437543 0.308876 0.463281 0.67053 0.489018 5
1.59657 1.96758 -1.29008e-15 1.66845 0.140961 1.10241 0.281922 0.949849 0.422883 0.856481 0.563845 0.849589 0.704806 0.84537 0.845767 0.753021 0.986728 0.753368 1.12769 0.755962 1.26865 0.702728 1.40961 0.631492 1.55057 0.607245 1.69153 0.476746 1.83249 0.550112 1.97346 0.712709 2.11442 0.639207 2.25538 0.46369 2.39634 0.135733 2.5373 0.338663 2.67826 5
1.7934 1.92787 -1.29008e-15 1.77878 0.146078 1.1733 0.292156 1.03326 0.438234 0.966455 0.584312 0.813978 0.73039 0.753213 0.876468 0.700992 1.02255 0.774649 1.16862 0.805816 1.3147 0.707644 1.46078 0.635456 1.60686 0.518718 1.75294 0.362078 1.89901 0.297553 2.04509 0.334643 2.19117 0.179525 2.33725 0.441559 2.48333 0.358724 2.6294 0 2.77548 5
1.74104 1.66238 -1.29008e-15 1.92971 0.15024 1.10008 0.30048 1.06248 0.45072 0.914517 0.60096 0.903927 0.751201 0.692492 0.901441 0.76221 1.05168 0.608863 1.20192 0.648334 1.35216 0.436669 1.5024 0.670788 1.65264 0.619557 1.80288 0.443293 1.95312 0.469338 2.10336 0.542127 2.2536 0.402953 2.40384 0.813271 2.55408 0.70646 2.70432 0 2.85456 5
1.71645 1.63256 -1.29008e-15 1.93226 0.106143 0.977332 0.212286 0.836457 0.318429 0.759577 0.424572 0.815859 0.530716 0.919347 0.636859 0.901026 0.743002 0.58483 0.849145 0.381342 0.955288 0.327313 1.06143 0.262506 1.16757 0.377497 1.27372 0.215099 1.37986 0.120052 1.486 0.309684 1.59215 0.188779 1.69829 0.144057 1.80443 5.21032e-17 1.91058 5.21032e-17 2.01672 5
1.79478 1.85258 -1.29008e-15 1.7204 0.0175235 1.27395 0.035047 1.13719 0.0525705 1.03734 0.070094 0.930318 0.0876175 0.855318 0.105141 0.781355 0.122664 0.749043 0.140188 0.698942 0.157711 0.668042 0.175235 0.653417 0.192758 0.627552 0.210282 0.530844 0.227805 0.457433 0.245329 0.40813 0.262852 0.411021 0.280376 0.342286 0.297899 0.20046 0.315423 -0.0630974 0.332946 5
1.7705 1.31423 -1.29008e-15 1.77232 0.0344534 1.37394 0.0689067 1.14087 0.10336 0.982931 0.137813 0.831927 0.172267 0.727315 0.20672 0.678343 0.241174 0.548497 0.275627 0.498847 0.31008 0.475883 0.344534 0.477754 0.378987 0.49697 0.41344 0.38342 0.447894 0.599508 0.482347 0.36224 0.5168 0.477823 0.551254 0.652105 0.585707 0.443357 0.62016 0.178638 0.654614 5
1.80887 1.62664 -1.29008e-15 1.91265 0.112761 1.20433 0.225521 0.968913 0.338282 0.867784 0.451043 0.762407 0.563803 0.688011 0.676564 0.821288 0.789325 0.781923 0.902085 0.679193 1.01485 0.573745 1.12761 0.611929 1.24037 0.448045 1.35313 0.635888 1.46589 0.618376 1.57865 0.509405 1.69141 0.25429 1.80417 0.316045 1.91693 0 2.02969 0 2.14245 5
1.66265 1.79035 -1.29008e-15 1.81357 0.127594 1.35207 0.255187 1.13748 0.382781 0.960187 0.510375 0.87168 0.637969 0.764869 0.765562 0.726799 0.893156 0.603917 1.02075 0.526623 1.14834 0.476309 1.27594 0.497805 1.40353 0.485489 1.53112 0.547119 1.65872 0.433023 1.78631 0.487398 1.91391 0.529906 2.0415 0 2.16909 0.40595 2.29669 0 2.42428 5
1.8665 1.59591 -1.29008e-15 1.91992 0.0857146 1.23309 0.171429 1.05761 0.257144 0.944689 0.342859 0.881145 0.428573 0.801035 0.514288 0.721061 0.600002 0.565791 0.685717 0.575958 0.771432 0.442543 0.857146 0.482955 0.942861 0.488925 1.02858 0.423095 1.11429 0.260979 1.2 0.268491 1.28572 0.284562 1.37143 0.14037 1.45715 0.071992 1.54286 5.21032e-17 1.62858 5
1.75548 1.78484 -1.29008e-15 1.92087 0.10499 1.3106 0.209981 1.11445 0.314971 0.914614 0.419961 0.803018 0.524952 0.735255 0.629942 0.630136 0.734933 0.510975 0.839923 0.456132 0.944913 0.386344 1.0499 0.314434 1.15489 0.250134 1.25988 0.295576 1.36487 0.0489498 1.46987 1.04206e-16 1.57486 0.138 1.67985 0 1.78484 0 1.88983 0 1.99482 5
1.7502 1.96103 -1.29008e-15 1.53422 0.138198 1.1497 0.276396 1.06879 0.414594 0.964994 0.552792 0.899795 0.690989 0.825798 0.829187 0.748492 0.967385 0.6977 1.10558 0.661114 1.24378 0.575947 1.38198 0.483865 1.52018 0.497617 1.65837 0.346655 1.79657 0.330553 1.93477 0.243605 2.07297 0.239138 2.21117 0.223956 2.34936 0.152932 2.48756 0.159503 2.62576 5
1.69156 1.58144 -1.29008e-15 1.93503 0.0501615 0.979675 0.100323 0.89271 0.150485 0.69207 0.200646 0.639624 0.250808 0.624152 0.300969 0.735624 0.351131 0.549261 0.401292 0.539646 0.451454 0.538957 0.501615 0.609186 0.551777 0.640349 0.601938 0.679547 0.6521 0.648715 0.702261 0.368793 0.752423 0.380127 0.802584 0.32846 0.852746 0.491855 0.902907 0.663816 0.953069 5
1.77734 1.64045 -1.29008e-15 1.94237 0.0535173 1.19596 0.107035 0.896607 0.160552 0.786954 0.214069 0.583919 0.267587 0.611632 0.321104 0.51811 0.374621 0.293406 0.428139 0.411676 0.481656 0.332533 0.535173 0.459751 0.588691 0.42879 0.642208 0.306336 0.695725 0.618378 0.749243 0.240163 0.80276 0 0.856277 5.21032e-17 0.909795 0 0.963312 0 1.01683 5
