144.94 108.29 79.045 1
201.58 158.88 124.63 1
169.37 133.86 102.21 1
167.48 132.03 102.36 1
149.23 114.35 86.41 1
199.01 157.27 125.01 1
175.48 138.72 105.86 1
184.72 150.71 119.88 1
165.82 130.93 102.11 1
165.57 130.97 103.07 1
161.05 123.09 93.138 1
189.47 154.53 123.86 1
166.9 132.25 105.05 1
188.2 150.2 117.24 1
145.31 111.98 86.257 1
187.84 149.79 116.31 1
189.75 155.59 125.18 1
155.47 121.98 95.159 1
190.14 152.17 117.86 1
161.73 124.92 94.049 1
183.17 149.77 122.67 1
197.65 155.13 121.27 1
189.64 148.14 116.62 1
168.26 132.08 102.08 1
175.84 139.08 107.47 1
195.99 159.01 125.25 1
201.35 167.47 135.39 1
173.2 137.07 106 1
192.66 150.54 117.97 1
164.63 131.06 103.35 1
190.29 154.66 121.9 1
174.85 142.73 112.74 1
161.12 130.23 102.79 1
168.16 136.49 110.5 1
157.22 126.98 100.24 1
184.9 151.67 122.51 1
156.86 126.34 96.685 1
173.24 141.07 115.04 1
153.53 122.52 96.237 1
148.29 119.32 90.706 1
143.94 116.05 90.582 1
146.23 116.93 90.644 1
148.82 118.97 90.883 1
133.99 105.74 80.775 1
148.69 118.89 90.868 1
163.54 124.19 89.746 1
177.46 139.04 105.7 1
164.81 127.09 93.542 1
169.52 130.85 100.21 1
169.22 129.76 95.746 1
155.11 121.4 90.247 2
168.28 129.05 95.222 2
182.91 144.34 111.19 2
163.62 130.71 100.6 2
162.07 130.66 101.41 2
175.8 140.95 110.38 2
149.21 116.94 86.742 2
158.21 126.04 99.605 2
187.46 150.75 121.14 2
159.91 127.55 101.29 2
133.79 104.97 79.097 2
178.77 139.51 107.24 2
137.14 102.75 71.611 2
156.59 115.77 81.066 2
132.54 98.824 67.838 2
158.4 115.69 79.232 2
125.55 95.127 65.4 2
141.05 106.26 74.903 2
131.24 101.91 72.456 2
149.03 113.72 82.712 2
178.03 138.94 106.57 2
160.01 126.82 99.891 2
148.79 116.43 86.18 2
161.14 125.78 95.652 2
152.25 118.55 87.693 2
152.86 116.22 84.381 2
158.84 126.06 99.513 2
183.65 145.6 115.51 2
174.85 134.4 101.75 2
146.6 112.62 85.173 2
144.08 111.76 81.422 2
152.67 117.83 88.034 2
140.45 109.99 78.977 2
146.3 110.08 78.158 2
159.32 122.92 91.305 2
149.02 114.11 82.446 2
141.93 108.5 77.992 2
159.18 124.4 95.176 2
148.61 114.94 87.697 2
181.44 140.71 107.42 2
147.16 114.23 87.712 2
176.14 139.29 110.24 2
142.97 111.69 81.495 2
154.31 118.55 87.175 2
152.72 121.92 92.033 2
159.95 126.85 97.959 2
137 106.12 79.379 2
161.07 126.18 96.542 2
148.47 113.81 84.712 2
169.85 131.92 100.62 2
175.35 126.73 96.591 3
145.49 96.825 67.815 3
171.42 123.95 97.68 3
172.26 123.55 95.566 3
178.34 125.83 94.737 3
176.94 126.11 95.727 3
157.29 108.59 80.71 3
143.2 96.304 68.048 3
164.4 114.67 85.225 3
175.59 126.58 98.074 3
168.13 117.17 88.923 3
164.65 112.41 84.276 3
148.69 100.52 72.156 3
134.7 86.168 58.914 3
150.43 102.7 75.446 3
178 129.54 101.34 3
144.59 97.198 68.278 3
166.49 120.98 93.37 3
150.57 99.333 69.615 3
171.13 115.96 86.228 3
171.51 118.45 87.799 3
188.86 139.4 111 3
151.85 103.95 73.448 3
170.99 117.12 84.782 3
183.45 133.41 103.99 3
145.53 91.9 64.048 3
196.02 147.76 116.15 3
170.32 116.44 87.125 3
171.33 119.35 88.044 3
154 106.1 76.981 3
175.51 120.02 88.071 3
161.68 108.02 79.3 3
175.07 125.23 93.46 3
171.64 119.77 88.122 3
162.84 110.42 81.192 3
175.04 121.64 91.629 3
151.37 101.06 71.724 3
126.74 82.981 56.318 3
144.6 95.22 67.487 3
152.11 97.229 68.132 3
145.58 97.585 71.264 3
149.96 101.3 75.167 3
141.48 95.972 69.62 3
141.13 92.213 66.094 3
129.28 81.628 54.061 3
134.89 89.463 64.663 3
135.84 89.399 63.04 3
147.24 99.25 70.25 3
170.59 116.04 86.239 3
151.83 104.91 76.457 3
181.19 152.16 120.88 4
174.3 145.22 115.24 4
181.09 148.82 115.93 4
181.8 150.35 116.31 4
175.12 146.57 116.59 4
176.3 146.98 117.78 4
179.01 147.32 113.74 4
175.87 141.51 104.74 4
169.6 136.31 101.91 4
170.95 140.4 109.47 4
173.33 140.26 106.89 4
170.71 138.08 104.19 4
176.32 143.31 108.1 4
170.02 138.59 106.32 4
178.6 146.2 111.52 4
174.51 140.84 104.31 4
183.19 150.88 116.89 4
180.86 149.85 118.34 4
185.28 155.67 125.81 4
177.5 143.46 107.69 4
175.78 143.21 109.46 4
172.66 141.4 110.14 4
192.34 161.85 132.49 4
182.5 153.52 122.46 4
181.45 153.02 123.47 4
179.85 149.91 119.75 4
185.99 154.77 124.44 4
185.16 153.64 119.81 4
187.13 157.21 125.9 4
168.34 138.86 108.29 4
172.14 140.04 105.94 4
167.42 134.13 100.15 4
171.41 136.76 102.43 4
175.55 142.82 107.31 4
173.53 141.39 107.53 4
168.57 138.68 108.53 4
186.32 150.08 114.79 4
174.14 140.44 104.58 4
183.21 151.97 118.71 4
179.14 147.06 114.84 4
182.67 151.41 118.22 4
182.99 152.94 122.1 4
191.22 160.3 129.57 4
170.45 138.15 103.84 4
176.19 142.41 106.71 4
175.01 142.46 108.47 4
179.92 150.18 119.32 4
177.31 148.38 119.27 4
173.55 140.56 108.37 4
173.36 145.8 119.51 4
181.971 179.352 158.047 5
175.959 166.718 159.842 5
228.183 174.361 120.383 5
83.2982 86.2652 99.4323 5
160.062 150.556 142.142 5
75.3118 74.7265 81.4917 5
181.575 178.454 156.198 5
105.899 56.7654 21.7172 5
196.481 186.8 148.782 5
218.404 218.35 215.033 5
110.233 63.4284 14.1187 5
98.9609 101.198 102.585 5
202.816 199.009 191.024 5
240.113 132.945 84.3157 5
168.464 118.064 112.207 5
186.456 185.815 186.27 5
139.502 123.703 103.133 5
180.546 183.18 136.839 5
228.58 220.104 219.295 5
91.8269 109.397 148.97 5
135.613 93.9699 93.1901 5
212.924 211.311 195.678 5
32.6419 82.7984 94.848 5
174.667 158.273 152.096 5
195.732 195.101 195.886 5
103.945 111.063 124.004 5
63.6293 111.227 111.878 5
132.132 86.3289 95.469 5
168.62 168.733 137.716 5
142.927 118.665 111.889 5
71.9373 90.9769 91.3747 5
140.297 130.202 149.917 5
208.318 208.166 207.983 5
119.249 102.245 100.091 5
80.3948 78.3569 79.8353 5
193.803 191.223 190.253 5
117.814 131.796 154.687 5
41.0353 40.9667 50.1591 5
53.3174 50.298 45.3646 5
181.155 174.166 167.084 5
218.871 216.908 230.627 5
151.846 118.93 131.313 5
139.528 134.82 129.87 5
196.913 197.71 194.663 5
111.649 110.349 109.696 5
209.822 207.668 212.912 5
196.754 167.942 189.834 5
27.5769 29.6966 90.7063 5
230.713 232.362 236.928 5
139.269 139.182 144.641 5
