144.944 108.29 79.0454 1
201.584 158.883 124.626 1
169.366 133.862 102.212 1
167.476 132.026 102.356 1
149.225 114.347 86.4105 1
199.009 157.272 125.007 1
175.484 138.716 105.861 1
184.724 150.705 119.884 1
165.821 130.935 102.113 1
165.571 130.967 103.074 1
161.046 123.094 93.138 1
189.468 154.528 123.865 1
166.898 132.252 105.053 1
188.204 150.205 117.242 1
145.314 111.978 86.2572 1
187.842 149.791 116.314 1
189.753 155.593 125.178 1
155.47 121.982 95.1587 1
190.145 152.174 117.856 1
161.735 124.918 94.0485 1
183.168 149.773 122.673 1
197.648 155.133 121.272 1
189.635 148.137 116.623 1
168.262 132.077 102.079 1
175.842 139.083 107.465 1
195.992 159.006 125.251 1
201.352 167.469 135.387 1
173.203 137.074 105.996 1
192.663 150.541 117.974 1
164.632 131.064 103.355 1
190.291 154.664 121.901 1
174.851 142.727 112.737 1
161.121 130.227 102.791 1
168.161 136.494 110.501 1
157.216 126.983 100.244 1
184.901 151.669 122.508 1
156.86 126.342 96.6852 1
173.239 141.071 115.041 1
153.53 122.525 96.2365 1
148.292 119.323 90.7057 1
155.112 121.405 90.2469 2
168.276 129.053 95.2217 2
182.91 144.338 111.187 2
163.616 130.713 100.601 2
162.07 130.66 101.407 2
175.804 140.946 110.378 2
149.214 116.945 86.7419 2
158.207 126.042 99.6054 2
187.464 150.753 121.139 2
159.907 127.551 101.285 2
133.789 104.974 79.0965 2
178.768 139.512 107.236 2
137.139 102.751 71.6106 2
156.587 115.771 81.0659 2
132.541 98.8239 67.8382 2
158.401 115.685 79.2322 2
125.548 95.1273 65.4004 2
141.05 106.259 74.9034 2
131.242 101.909 72.456 2
149.033 113.718 82.7115 2
178.028 138.938 106.574 2
160.009 126.818 99.8912 2
148.786 116.435 86.18 2
161.137 125.785 95.6521 2
152.253 118.546 87.6929 2
152.861 116.218 84.3808 2
158.843 126.062 99.5133 2
183.647 145.604 115.514 2
174.845 134.396 101.755 2
146.601 112.625 85.1727 2
144.079 111.757 81.4215 2
152.667 117.829 88.0344 2
140.453 109.987 78.9774 2
146.304 110.08 78.158 2
159.322 122.919 91.3045 2
149.017 114.111 82.4458 2
141.934 108.5 77.992 2
159.181 124.403 95.1763 2
148.615 114.939 87.697 2
181.437 140.707 107.421 2
175.346 126.735 96.5914 3
145.495 96.8252 67.8148 3
171.416 123.952 97.6796 3
172.262 123.547 95.566 3
178.339 125.831 94.7368 3
176.935 126.114 95.7269 3
157.292 108.587 80.7102 3
143.2 96.3036 68.0485 3
164.405 114.673 85.2251 3
175.585 126.579 98.0737 3
168.128 117.17 88.9228 3
164.647 112.41 84.276 3
148.692 100.52 72.156 3
134.696 86.1682 58.9141 3
150.428 102.701 75.4456 3
178.004 129.543 101.342 3
144.59 97.1975 68.278 3
166.495 120.983 93.3697 3
150.568 99.333 69.6149 3
171.131 115.956 86.2279 3
171.513 118.452 87.7994 3
188.858 139.398 110.998 3
151.85 103.946 73.4476 3
170.988 117.117 84.7823 3
183.454 133.407 103.993 3
145.534 91.8995 64.0482 3
196.017 147.763 116.154 3
170.316 116.438 87.125 3
171.333 119.353 88.0437 3
154.004 106.099 76.9807 3
175.507 120.019 88.0705 3
161.679 108.017 79.3001 3
175.066 125.233 93.4598 3
171.637 119.765 88.1224 3
162.843 110.415 81.1917 3
175.036 121.642 91.6286 3
151.367 101.059 71.7243 3
126.735 82.9809 56.3184 3
144.6 95.2198 67.4873 3
152.108 97.2287 68.1315 3
181.194 152.158 120.884 4
174.304 145.222 115.237 4
181.094 148.819 115.933 4
181.799 150.346 116.305 4
175.12 146.571 116.587 4
176.296 146.975 117.783 4
179.013 147.316 113.739 4
175.875 141.513 104.744 4
169.6 136.309 101.913 4
170.947 140.397 109.469 4
173.334 140.262 106.888 4
170.711 138.075 104.188 4
176.321 143.311 108.101 4
170.021 138.59 106.32 4
178.604 146.202 111.517 4
174.508 140.84 104.307 4
183.187 150.876 116.894 4
180.855 149.849 118.341 4
185.281 155.67 125.81 4
177.501 143.457 107.693 4
175.783 143.21 109.456 4
172.657 141.397 110.141 4
192.341 161.852 132.486 4
182.501 153.517 122.465 4
181.454 153.016 123.469 4
179.846 149.906 119.747 4
185.995 154.77 124.442 4
185.159 153.635 119.81 4
187.13 157.207 125.899 4
168.343 138.864 108.293 4
172.136 140.043 105.938 4
167.416 134.135 100.153 4
171.407 136.761 102.434 4
175.554 142.824 107.31 4
173.529 141.389 107.525 4
168.568 138.677 108.531 4
186.316 150.078 114.792 4
174.144 140.437 104.579 4
183.214 151.971 118.709 4
179.137 147.06 114.844 4
182.297 179.365 157.656 5
6.8732 6.8732 6.8732 5
175.996 166.727 159.846 5
228.206 174.408 120.296 5
83.3205 86.3295 99.2951 5
160.024 150.606 142.111 5
75.2734 74.777 81.4117 5
181.634 178.442 156.286 5
105.912 56.7543 21.547 5
196.597 186.816 148.768 5
218.643 218.568 215.243 5
110.276 63.5097 13.86 5
98.9579 101.18 102.546 5
202.95 199.06 191.074 5
240.326 132.926 84.3634 5
168.733 118.076 111.894 5
186.553 185.865 186.369 5
139.575 123.677 103.117 5
180.553 183.207 136.888 5
228.698 220.144 219.458 5
91.7714 109.426 148.974 5
135.703 94.0031 93.074 5
213.916 212.01 196.028 5
32.5375 82.799 94.7825 5
174.946 158.483 152.293 5
195.861 195.179 196.005 5
104.066 111.092 124.024 5
235.012 235.012 235.012 5
63.6969 111.319 112.03 5
132.159 86.3297 95.4585 5
168.667 168.811 137.738 5
142.96 118.656 111.966 5
71.9646 91.0031 91.3007 5
140.387 130.18 150.138 5
208.46 208.294 208.109 5
119.368 102.183 99.9698 5
80.3448 78.3891 79.8976 5
141.588 141.588 141.588 5
193.874 191.222 190.299 5
117.791 131.825 154.633 5
